3689
0	41	0
0	187	0
0	226	0
0	267	0
0	311	0
1	71	0
1	171	0
1	181	0
1	252	0
1	255	0
1	332	0
2	60	0
2	243	0
2	320	0
2	330	0
3	99	0
3	256	0
3	590	0
3	620	0
3	621	0
4	51	0
4	130	0
4	141	0
4	215	0
4	222	0
4	273	0
5	31	0
5	314	0
5	322	0
5	951	0
6	109	0
6	182	0
6	328	0
6	332	0
7	90	0
7	233	0
7	284	0
8	48	0
8	188	0
8	233	0
8	299	0
9	198	0
9	324	0
10	135	0
11	193	0
11	250	0
11	316	0
11	382	0
12	29	0
12	113	0
12	546	0
13	34	0
13	272	0
13	311	0
14	141	0
14	144	0
14	237	0
14	269	0
14	701	0
15	100	0
15	190	0
15	238	0
16	156	0
17	77	0
17	112	0
17	126	0
17	153	0
17	180	0
17	263	0
17	309	0
18	26	0
18	134	0
18	255	0
18	317	0
19	16	0
19	47	0
19	67	0
19	152	0
19	158	0
19	167	0
19	455	0
20	77	0
20	80	0
20	104	0
20	234	0
20	266	0
20	288	0
21	36	0
21	67	0
21	145	0
21	199	0
21	256	0
21	328	0
22	214	0
22	295	0
22	383	0
23	90	0
23	125	0
23	152	0
23	306	0
23	312	0
23	325	0
24	99	0
24	156	0
24	162	0
25	260	0
26	117	0
26	272	0
27	81	0
28	5	0
28	19	0
28	98	0
28	102	0
28	103	0
28	187	0
28	285	0
29	207	0
29	307	0
30	24	0
30	113	0
30	228	0
30	251	0
31	18	0
31	52	0
31	126	0
31	214	0
31	306	0
31	308	0
32	380	0
33	164	0
33	196	0
33	995	0
34	18	0
34	239	0
34	311	0
35	69	0
35	162	0
36	33	0
37	86	0
37	114	0
38	318	0
38	413	0
38	664	0
39	180	0
39	184	0
39	205	0
40	203	0
40	252	0
40	280	0
41	11	0
41	66	0
41	82	0
41	323	0
42	39	0
42	162	0
42	220	0
42	242	0
42	307	0
42	975	0
43	82	0
43	141	0
43	163	0
43	281	0
44	29	0
44	99	0
44	191	0
44	194	0
44	212	0
44	229	0
46	32	0
46	45	0
46	127	0
46	161	0
46	165	0
47	149	0
48	7	0
48	45	0
48	98	0
48	328	0
49	122	0
49	136	0
49	172	0
49	197	0
49	291	0
50	17	0
50	161	0
50	177	0
51	146	0
51	164	0
51	248	0
51	301	0
51	558	0
52	9	0
52	301	0
52	320	0
53	56	0
53	57	0
53	213	0
54	74	0
54	97	0
54	135	0
55	97	0
55	312	0
56	137	0
56	219	0
56	220	0
57	105	0
57	211	0
57	229	0
57	277	0
57	287	0
58	21	0
58	23	0
58	226	0
59	105	0
59	990	0
60	194	0
60	242	0
61	24	0
61	112	0
61	918	0
62	3	0
62	194	0
62	215	0
62	253	0
62	303	0
62	328	0
63	140	0
63	242	0
63	304	0
64	85	0
64	156	0
64	597	0
66	16	0
66	49	0
66	303	0
66	332	0
67	63	0
67	94	0
67	187	0
67	213	0
67	243	0
67	244	0
67	314	0
68	95	0
68	98	0
68	479	0
69	15	0
69	79	0
69	107	0
69	149	0
69	168	0
69	235	0
69	360	0
69	429	0
70	26	0
70	82	0
70	131	0
70	210	0
70	296	0
70	382	0
71	44	0
71	141	0
71	245	0
71	274	0
71	314	0
71	562	0
71	751	0
72	30	0
72	135	0
72	542	0
73	287	0
74	1	0
74	3	0
74	9	0
74	70	0
74	104	0
74	216	0
75	63	0
75	91	0
75	158	0
75	228	0
75	293	0
75	308	0
76	17	0
76	140	0
76	166	0
76	176	0
76	226	0
77	304	0
77	308	0
78	100	0
79	112	0
79	155	0
80	56	0
80	82	0
80	140	0
80	190	0
80	785	0
81	1	0
81	233	0
82	66	0
82	198	0
82	266	0
83	231	0
83	513	0
83	585	0
84	104	0
84	124	0
85	16	0
85	140	0
85	320	0
86	243	0
86	256	0
87	184	0
87	290	0
87	297	0
88	294	0
88	575	0
89	56	0
89	605	0
90	47	0
90	149	0
90	224	0
90	520	0
91	12	0
91	118	0
91	132	0
91	178	0
91	540	0
92	27	0
92	45	0
92	126	0
92	178	0
92	279	0
93	13	0
93	39	0
93	292	0
94	200	0
94	218	0
94	241	0
94	275	0
94	438	0
95	20	0
95	27	0
95	35	0
95	167	0
95	269	0
95	276	0
96	54	0
96	121	0
96	231	0
96	298	0
96	301	0
97	104	0
97	139	0
97	257	0
97	276	0
97	705	0
98	198	0
98	220	0
98	314	0
99	82	0
99	157	0
99	188	0
99	376	0
100	9	0
100	28	0
100	241	0
100	306	0
100	619	0
101	47	0
101	187	0
102	207	0
102	241	0
102	276	0
103	12	0
103	51	0
103	157	0
103	159	0
103	192	0
103	221	0
104	143	0
104	171	0
105	51	0
105	77	0
105	85	0
105	90	0
105	307	0
105	860	0
106	208	0
106	672	0
107	57	0
107	143	0
107	258	0
108	51	0
108	304	0
108	362	0
109	97	0
109	143	0
109	259	0
110	190	0
111	54	0
111	124	0
111	223	0
111	231	0
112	1	0
112	64	0
112	65	0
112	129	0
112	196	0
112	213	0
113	98	0
113	164	0
113	174	0
113	230	0
113	256	0
115	49	0
115	59	0
115	146	0
115	173	0
115	269	0
115	288	0
115	296	0
116	34	0
116	115	0
116	266	0
116	281	0
116	308	0
117	45	0
117	46	0
117	76	0
117	121	0
118	68	0
118	131	0
118	148	0
119	138	0
119	284	0
119	307	0
119	324	0
120	56	0
120	57	0
120	164	0
121	139	0
121	231	0
122	292	0
123	97	0
123	216	0
123	260	0
123	262	0
123	605	0
124	147	0
124	161	0
124	225	0
124	274	0
124	327	0
125	114	0
125	148	0
125	245	0
125	270	0
125	286	0
126	282	0
127	8	0
127	32	0
128	49	0
128	124	0
128	138	0
128	190	0
128	302	0
129	151	0
129	193	0
129	307	0
130	233	0
130	279	0
131	82	0
131	98	0
131	156	0
131	287	0
131	317	0
133	173	0
133	274	0
133	275	0
134	121	0
134	186	0
134	187	0
134	220	0
134	240	0
134	263	0
134	683	0
135	324	0
136	45	0
136	60	0
136	140	0
136	148	0
136	238	0
137	0	0
137	48	0
137	715	0
138	184	0
138	328	0
139	708	0
140	323	0
141	12	0
141	41	0
141	598	0
142	44	0
142	214	0
142	237	0
142	280	0
143	149	0
143	224	0
143	279	0
143	313	0
144	91	0
144	208	0
144	321	0
144	391	0
145	127	0
145	144	0
145	311	0
146	109	0
146	180	0
146	228	0
146	278	0
147	228	0
147	305	0
148	3	0
148	4	0
148	25	0
148	255	0
149	9	0
149	200	0
150	22	0
150	58	0
150	267	0
151	29	0
151	166	0
151	205	0
151	508	0
152	92	0
152	165	0
152	287	0
153	60	0
153	116	0
153	152	0
153	210	0
153	308	0
154	192	0
155	16	0
155	61	0
155	142	0
155	166	0
155	212	0
156	73	0
156	96	0
156	223	0
157	73	0
157	103	0
157	246	0
157	305	0
157	315	0
157	319	0
157	769	0
158	20	0
158	68	0
158	74	0
158	124	0
158	289	0
158	295	0
159	5	0
159	11	0
159	200	0
159	978	0
160	46	0
160	282	0
160	315	0
160	318	0
161	57	0
161	216	0
162	132	0
162	154	0
162	173	0
162	238	0
163	230	0
163	292	0
164	10	0
164	45	0
165	0	0
165	178	0
165	196	0
165	198	0
165	295	0
166	61	0
166	68	0
166	77	0
166	213	0
166	245	0
166	818	0
167	160	0
167	232	0
167	252	0
167	333	0
167	729	0
167	771	0
168	25	0
168	148	0
168	184	0
168	232	0
169	53	0
169	146	0
169	291	0
170	310	0
171	8	0
171	31	0
171	95	0
171	108	0
171	123	0
171	162	0
171	254	0
172	85	0
172	167	0
172	169	0
172	184	0
172	504	0
173	295	0
174	9	0
174	63	0
174	118	0
174	138	0
174	260	0
174	290	0
174	301	0
175	80	0
175	100	0
175	202	0
175	257	0
176	57	0
176	100	0
176	191	0
177	77	0
177	170	0
177	275	0
177	367	0
178	35	0
178	70	0
178	312	0
179	92	0
179	124	0
179	322	0
179	445	0
180	215	0
180	284	0
180	308	0
180	311	0
181	8	0
181	296	0
182	64	0
182	161	0
183	60	0
183	111	0
183	146	0
183	189	0
184	10	0
184	72	0
184	82	0
184	155	0
184	188	0
184	220	0
185	40	0
185	61	0
185	156	0
185	216	0
186	6	0
186	51	0
186	187	0
186	302	0
187	114	0
187	137	0
187	235	0
187	284	0
189	142	0
189	266	0
189	294	0
189	300	0
189	404	0
190	79	0
191	39	0
191	208	0
191	254	0
191	328	0
192	41	0
192	185	0
192	193	0
192	195	0
192	821	0
193	50	0
193	69	0
193	77	0
193	163	0
193	260	0
193	314	0
194	145	0
194	167	0
194	230	0
194	265	0
195	163	0
195	196	0
195	216	0
195	268	0
195	327	0
196	283	0
197	42	0
197	54	0
197	160	0
197	170	0
197	326	0
198	40	0
198	102	0
199	153	0
199	218	0
200	81	0
200	151	0
200	188	0
200	212	0
200	324	0
200	567	0
201	6	0
201	48	0
201	54	0
201	65	0
201	265	0
201	268	0
201	975	0
202	15	0
202	100	0
202	542	0
203	41	0
203	90	0
203	98	0
203	137	0
203	138	0
203	157	0
203	211	0
204	79	0
204	123	0
204	258	0
204	285	0
204	286	0
206	20	0
206	248	0
206	282	0
207	19	0
207	197	0
207	268	0
208	131	0
208	295	0
208	570	0
209	326	0
210	52	0
210	57	0
210	297	0
210	327	0
211	109	0
211	130	0
211	306	0
212	242	0
212	264	0
212	323	0
213	20	0
213	62	0
213	116	0
213	154	0
213	253	0
213	255	0
213	818	0
214	195	0
214	326	0
215	36	0
215	67	0
215	80	0
215	124	0
216	92	0
217	69	0
217	123	0
217	124	0
217	301	0
218	124	0
218	225	0
219	75	0
219	202	0
219	301	0
219	309	0
220	28	0
220	29	0
220	129	0
220	153	0
220	178	0
220	179	0
220	298	0
221	116	0
221	145	0
221	301	0
222	119	0
222	209	0
223	11	0
223	32	0
223	67	0
223	258	0
223	276	0
224	3	0
224	10	0
224	297	0
224	409	0
224	525	0
225	136	0
225	278	0
225	558	0
226	42	0
226	151	0
226	158	0
226	188	0
227	89	0
227	195	0
227	204	0
227	278	0
227	329	0
228	39	0
228	201	0
229	71	0
229	88	0
229	212	0
230	16	0
230	51	0
230	234	0
230	306	0
231	34	0
231	239	0
231	318	0
232	79	0
232	299	0
232	310	0
232	383	0
233	1	0
233	22	0
233	133	0
234	184	0
234	315	0
235	124	0
235	211	0
237	120	0
237	138	0
237	257	0
237	292	0
237	320	0
238	40	0
238	128	0
238	283	0
238	415	0
239	34	0
239	110	0
239	922	0
240	65	0
240	107	0
240	148	0
241	34	0
241	109	0
241	906	0
242	22	0
242	117	0
242	166	0
242	264	0
242	742	0
243	19	0
243	176	0
243	232	0
243	759	0
245	41	0
245	132	0
245	151	0
245	291	0
245	321	0
246	28	0
246	190	0
246	194	0
246	330	0
247	4	0
248	15	0
248	52	0
248	149	0
248	203	0
248	245	0
248	254	0
248	260	0
248	296	0
248	300	0
248	325	0
249	37	0
249	45	0
249	116	0
249	128	0
249	149	0
250	60	0
250	165	0
251	23	0
252	147	0
252	607	0
253	65	0
253	120	0
253	600	0
254	28	0
254	201	0
255	204	0
255	762	0
256	22	0
256	60	0
256	98	0
256	113	0
256	136	0
256	146	0
256	197	0
257	58	0
257	77	0
257	306	0
258	127	0
258	135	0
258	201	0
259	15	0
259	35	0
259	221	0
259	288	0
260	303	0
260	332	0
260	817	0
261	248	0
261	275	0
261	277	0
261	298	0
261	305	0
262	89	0
262	296	0
263	178	0
264	169	0
264	232	0
264	248	0
264	275	0
265	135	0
265	155	0
265	223	0
266	53	0
266	81	0
266	107	0
266	119	0
266	161	0
266	177	0
266	668	0
267	167	0
268	59	0
268	710	0
269	142	0
269	175	0
270	11	0
270	58	0
270	111	0
270	328	0
271	10	0
271	26	0
271	64	0
271	149	0
272	283	0
273	18	0
273	137	0
273	155	0
274	8	0
274	29	0
274	56	0
274	208	0
274	302	0
274	423	0
275	6	0
275	20	0
275	202	0
275	239	0
275	293	0
276	123	0
276	266	0
277	169	0
277	239	0
277	299	0
277	313	0
278	13	0
278	179	0
278	206	0
278	215	0
278	233	0
278	264	0
278	281	0
278	331	0
279	19	0
279	58	0
279	304	0
279	325	0
280	9	0
280	68	0
280	171	0
280	248	0
281	90	0
281	184	0
282	20	0
282	222	0
282	305	0
282	327	0
282	686	0
283	68	0
283	79	0
283	195	0
285	140	0
285	215	0
286	17	0
286	22	0
286	45	0
286	210	0
286	281	0
287	25	0
287	27	0
287	129	0
288	3	0
288	93	0
288	314	0
288	317	0
289	13	0
289	175	0
289	319	0
290	96	0
290	136	0
290	152	0
290	165	0
290	171	0
290	215	0
290	276	0
290	306	0
291	8	0
291	187	0
291	228	0
291	244	0
291	277	0
293	20	0
293	104	0
293	717	0
294	32	0
294	201	0
295	105	0
295	134	0
295	286	0
296	19	0
296	28	0
296	212	0
296	251	0
296	442	0
297	77	0
297	158	0
297	167	0
297	170	0
297	233	0
297	242	0
297	311	0
298	18	0
298	221	0
300	90	0
300	254	0
300	293	0
300	812	0
301	35	0
301	47	0
301	665	0
302	85	0
302	97	0
302	124	0
302	180	0
302	269	0
302	316	0
303	55	0
303	76	0
303	262	0
303	273	0
303	315	0
304	214	0
304	282	0
305	34	0
305	40	0
305	68	0
305	75	0
305	213	0
305	325	0
306	68	0
306	71	0
306	133	0
306	155	0
307	14	0
307	66	0
307	314	0
308	8	0
308	161	0
308	197	0
308	211	0
309	17	0
309	80	0
309	126	0
309	863	0
310	19	0
310	311	0
310	322	0
311	33	0
311	187	0
311	331	0
312	78	0
312	206	0
312	297	0
312	310	0
312	317	0
312	321	0
313	65	0
313	125	0
314	62	0
314	140	0
314	158	0
315	72	0
315	262	0
316	110	0
317	134	0
317	178	0
317	217	0
318	87	0
318	189	0
318	245	0
318	277	0
319	232	0
320	23	0
320	252	0
320	280	0
320	332	0
321	152	0
321	226	0
321	240	0
322	41	0
322	60	0
322	173	0
322	293	0
323	225	0
323	279	0
323	299	0
323	305	0
323	330	0
324	35	0
324	70	0
324	106	0
324	252	0
324	256	0
325	6	0
325	222	0
325	321	0
325	616	0
326	41	0
326	62	0
326	71	0
326	243	0
326	365	0
326	645	0
327	1	0
327	200	0
328	36	0
328	122	0
328	287	0
328	868	0
329	67	0
329	142	0
329	149	0
329	763	0
330	930	0
331	12	0
331	55	0
331	101	0
331	136	0
331	325	0
331	665	0
332	109	0
332	155	0
333	391	0
333	436	0
333	517	0
333	586	0
334	340	0
334	927	0
335	337	0
335	401	0
335	549	0
335	611	0
335	616	0
335	665	0
336	401	0
336	482	0
337	368	0
337	393	0
338	585	0
339	390	0
339	569	0
339	586	0
339	643	0
340	376	0
340	548	0
341	595	0
341	645	0
341	827	0
342	369	0
342	491	0
342	563	0
343	336	0
343	355	0
343	475	0
343	954	0
344	371	0
344	441	0
344	461	0
344	556	0
344	594	0
344	612	0
345	379	0
345	385	0
345	459	0
345	630	0
345	912	0
345	934	0
346	111	0
346	428	0
346	523	0
346	533	0
346	556	0
346	653	0
347	364	0
347	481	0
347	606	0
348	489	0
348	629	0
348	934	0
348	997	0
349	428	0
349	448	0
349	706	0
350	489	0
350	509	0
350	530	0
350	544	0
350	645	0
351	158	0
351	369	0
351	391	0
351	397	0
351	524	0
352	35	0
352	390	0
352	455	0
352	562	0
352	575	0
353	410	0
353	625	0
354	465	0
354	491	0
354	550	0
355	48	0
355	378	0
355	495	0
355	498	0
355	516	0
355	560	0
355	605	0
355	652	0
356	544	0
357	343	0
357	355	0
357	487	0
357	570	0
357	578	0
357	641	0
357	920	0
358	151	0
358	516	0
359	566	0
359	584	0
360	400	0
360	498	0
360	531	0
360	607	0
361	401	0
361	487	0
361	494	0
361	538	0
362	341	0
362	447	0
362	664	0
363	396	0
363	406	0
363	459	0
363	481	0
363	517	0
363	567	0
365	338	0
365	384	0
365	391	0
365	409	0
365	432	0
365	511	0
365	564	0
365	615	0
367	341	0
367	383	0
367	394	0
367	422	0
367	440	0
367	463	0
367	473	0
367	478	0
367	593	0
367	648	0
368	456	0
368	477	0
368	656	0
368	661	0
369	268	0
369	452	0
369	574	0
370	407	0
370	411	0
370	475	0
370	536	0
370	566	0
370	606	0
370	664	0
370	744	0
371	339	0
371	448	0
371	557	0
371	562	0
371	573	0
371	635	0
372	428	0
372	478	0
372	658	0
372	822	0
372	913	0
373	509	0
373	526	0
373	572	0
374	410	0
374	474	0
375	391	0
375	560	0
375	873	0
375	890	0
376	522	0
376	559	0
376	615	0
376	899	0
377	226	0
377	555	0
377	587	0
377	594	0
377	615	0
377	639	0
377	731	0
378	285	0
378	462	0
378	646	0
379	403	0
379	523	0
379	545	0
379	562	0
380	539	0
380	632	0
381	334	0
381	479	0
381	533	0
381	580	0
382	379	0
382	477	0
382	963	0
383	346	0
384	398	0
384	460	0
384	463	0
384	477	0
384	569	0
384	659	0
385	578	0
386	336	0
386	436	0
386	485	0
386	491	0
386	562	0
386	565	0
386	572	0
387	448	0
387	477	0
388	358	0
388	444	0
388	454	0
388	522	0
388	566	0
389	342	0
389	376	0
389	405	0
389	472	0
389	733	0
390	215	0
390	374	0
390	413	0
390	418	0
390	421	0
390	515	0
390	601	0
391	374	0
391	440	0
391	484	0
391	501	0
391	547	0
391	662	0
392	443	0
392	551	0
393	406	0
393	554	0
393	602	0
394	344	0
394	357	0
394	398	0
394	530	0
394	612	0
395	0	0
395	482	0
395	517	0
395	650	0
395	844	0
396	499	0
396	559	0
397	466	0
397	563	0
397	649	0
397	666	0
398	489	0
399	371	0
399	461	0
400	361	0
400	434	0
400	643	0
401	412	0
402	382	0
403	382	0
403	460	0
403	545	0
403	572	0
403	608	0
403	610	0
403	620	0
404	437	0
404	540	0
404	633	0
404	658	0
405	179	0
405	403	0
405	410	0
405	415	0
405	544	0
405	551	0
405	945	0
406	150	0
406	450	0
406	663	0
407	409	0
407	543	0
407	563	0
409	425	0
409	449	0
409	456	0
409	608	0
410	361	0
410	383	0
410	395	0
410	415	0
410	553	0
410	596	0
410	645	0
410	663	0
411	338	0
411	451	0
411	660	0
412	360	0
412	435	0
412	492	0
413	409	0
413	480	0
413	598	0
413	635	0
414	357	0
414	361	0
414	406	0
414	569	0
415	354	0
415	515	0
415	530	0
415	869	0
416	399	0
416	439	0
416	504	0
416	508	0
416	519	0
416	523	0
416	664	0
417	508	0
417	658	0
417	975	0
418	341	0
418	382	0
418	535	0
418	619	0
419	356	0
419	367	0
419	475	0
419	493	0
419	509	0
419	548	0
419	830	0
420	361	0
420	370	0
420	435	0
420	551	0
420	559	0
420	586	0
420	645	0
421	383	0
421	648	0
422	379	0
422	398	0
422	427	0
422	539	0
422	563	0
423	454	0
423	467	0
424	195	0
424	464	0
424	525	0
424	625	0
424	635	0
425	419	0
425	448	0
425	462	0
425	622	0
426	449	0
427	398	0
427	425	0
427	441	0
427	442	0
427	634	0
427	695	0
428	538	0
428	659	0
429	195	0
429	340	0
429	381	0
429	397	0
429	399	0
429	411	0
429	490	0
429	560	0
429	588	0
429	589	0
429	613	0
431	479	0
431	555	0
431	630	0
431	662	0
431	687	0
432	477	0
432	608	0
433	464	0
433	490	0
433	558	0
433	610	0
433	621	0
433	705	0
434	416	0
434	464	0
434	616	0
434	628	0
435	395	0
435	398	0
435	418	0
435	582	0
436	370	0
436	556	0
436	642	0
436	662	0
437	525	0
437	550	0
437	594	0
437	655	0
438	471	0
438	645	0
440	560	0
440	681	0
440	763	0
441	269	0
441	386	0
441	528	0
441	635	0
442	112	0
443	337	0
443	358	0
443	480	0
443	616	0
443	638	0
443	959	0
444	574	0
444	596	0
445	197	0
445	261	0
445	337	0
445	444	0
446	159	0
446	497	0
447	245	0
447	463	0
447	546	0
447	582	0
447	648	0
448	559	0
448	612	0
449	248	0
449	495	0
449	555	0
449	638	0
450	22	0
450	431	0
450	459	0
450	461	0
450	483	0
450	564	0
451	590	0
452	370	0
452	379	0
452	507	0
452	556	0
453	351	0
453	389	0
453	514	0
453	598	0
454	519	0
454	576	0
455	361	0
455	386	0
455	449	0
455	478	0
455	586	0
456	528	0
456	535	0
456	543	0
456	584	0
456	648	0
457	373	0
457	411	0
457	422	0
457	559	0
457	565	0
457	575	0
457	689	0
458	289	0
458	338	0
458	427	0
458	455	0
458	480	0
458	507	0
458	604	0
458	662	0
459	159	0
459	340	0
459	388	0
459	401	0
459	437	0
459	508	0
459	525	0
459	728	0
460	555	0
460	556	0
460	647	0
461	373	0
461	597	0
461	648	0
462	352	0
462	403	0
462	428	0
462	515	0
462	528	0
462	537	0
462	619	0
463	480	0
463	538	0
463	675	0
464	991	0
465	159	0
465	402	0
465	458	0
465	495	0
465	595	0
465	619	0
465	900	0
466	457	0
467	367	0
467	478	0
467	520	0
467	574	0
467	631	0
467	717	0
468	382	0
468	470	0
468	571	0
468	581	0
468	773	0
469	335	0
469	367	0
469	524	0
469	539	0
470	389	0
470	410	0
470	431	0
470	562	0
470	576	0
471	401	0
471	433	0
471	504	0
471	575	0
471	586	0
471	659	0
471	663	0
471	704	0
472	377	0
472	430	0
472	637	0
473	6	0
474	374	0
474	460	0
474	578	0
474	613	0
475	422	0
475	582	0
475	623	0
475	717	0
476	334	0
476	466	0
476	550	0
476	556	0
476	805	0
477	355	0
477	523	0
477	528	0
477	551	0
477	581	0
478	431	0
478	458	0
478	498	0
478	525	0
479	119	0
479	390	0
481	546	0
481	642	0
482	439	0
482	442	0
482	559	0
483	341	0
483	435	0
483	439	0
484	495	0
484	556	0
484	559	0
484	580	0
484	605	0
484	660	0
485	395	0
485	443	0
485	519	0
485	528	0
486	259	0
486	410	0
486	459	0
487	367	0
487	404	0
487	447	0
487	466	0
487	508	0
487	590	0
488	362	0
489	395	0
489	445	0
489	550	0
489	613	0
490	381	0
490	382	0
490	398	0
490	434	0
490	630	0
491	402	0
491	449	0
491	566	0
491	575	0
491	657	0
492	228	0
492	433	0
492	479	0
492	566	0
492	638	0
492	647	0
493	423	0
493	479	0
493	510	0
493	621	0
493	937	0
494	453	0
494	524	0
494	788	0
495	389	0
495	425	0
495	554	0
495	558	0
495	579	0
496	555	0
496	564	0
496	651	0
497	380	0
497	412	0
497	415	0
497	445	0
497	449	0
497	457	0
497	495	0
498	401	0
499	533	0
499	867	0
500	358	0
500	485	0
500	576	0
500	611	0
501	10	0
501	347	0
501	532	0
501	962	0
502	400	0
502	429	0
502	462	0
502	505	0
502	643	0
503	430	0
504	379	0
504	547	0
504	569	0
504	600	0
505	451	0
506	333	0
506	362	0
506	364	0
506	394	0
506	403	0
506	481	0
506	950	0
507	212	0
507	531	0
507	566	0
508	373	0
508	404	0
508	640	0
509	335	0
509	496	0
509	533	0
509	537	0
509	571	0
510	7	0
510	338	0
510	475	0
510	537	0
510	611	0
511	404	0
511	452	0
511	518	0
512	468	0
513	386	0
513	402	0
513	437	0
513	589	0
513	595	0
513	636	0
514	445	0
514	453	0
514	488	0
515	158	0
515	657	0
516	496	0
516	556	0
516	646	0
516	950	0
517	471	0
517	757	0
518	342	0
518	356	0
518	375	0
518	393	0
518	399	0
518	428	0
518	490	0
519	385	0
519	450	0
519	616	0
520	438	0
520	446	0
520	514	0
520	534	0
521	579	0
522	516	0
522	632	0
523	460	0
523	522	0
523	524	0
523	582	0
523	594	0
523	629	0
523	632	0
523	633	0
524	422	0
524	471	0
524	490	0
524	520	0
524	557	0
524	574	0
524	625	0
524	650	0
525	634	0
525	639	0
526	357	0
526	553	0
526	555	0
526	565	0
527	323	0
527	426	0
527	503	0
527	519	0
527	595	0
527	657	0
528	373	0
528	402	0
528	560	0
529	353	0
529	614	0
530	423	0
530	475	0
530	565	0
531	28	0
531	362	0
531	457	0
531	508	0
531	573	0
531	622	0
532	403	0
532	559	0
532	634	0
533	335	0
533	411	0
533	586	0
533	647	0
533	749	0
534	592	0
534	654	0
535	333	0
535	348	0
535	451	0
535	494	0
535	518	0
536	456	0
536	598	0
536	693	0
537	367	0
537	476	0
537	552	0
537	567	0
537	803	0
538	362	0
539	453	0
539	525	0
539	554	0
539	634	0
539	636	0
539	922	0
540	404	0
540	434	0
540	474	0
540	500	0
540	541	0
540	583	0
540	648	0
541	381	0
541	383	0
541	512	0
541	562	0
541	572	0
541	611	0
541	628	0
541	864	0
542	343	0
542	375	0
542	442	0
542	469	0
542	470	0
543	219	0
543	416	0
543	435	0
543	511	0
543	544	0
543	625	0
543	627	0
543	652	0
544	496	0
544	567	0
544	570	0
544	625	0
544	626	0
545	381	0
545	472	0
545	585	0
545	616	0
546	373	0
546	451	0
546	511	0
546	585	0
546	615	0
547	367	0
547	396	0
547	479	0
547	630	0
548	505	0
548	640	0
549	362	0
549	399	0
549	612	0
550	465	0
551	336	0
551	528	0
551	546	0
552	405	0
552	426	0
553	489	0
553	610	0
553	627	0
553	642	0
553	648	0
554	374	0
554	387	0
555	346	0
555	371	0
555	378	0
555	406	0
555	413	0
555	524	0
555	631	0
556	335	0
556	347	0
556	418	0
557	480	0
557	551	0
557	630	0
557	998	0
558	383	0
558	530	0
559	354	0
559	502	0
559	540	0
559	644	0
560	349	0
560	437	0
560	475	0
560	486	0
560	506	0
560	514	0
560	516	0
561	479	0
562	589	0
562	612	0
563	339	0
563	417	0
563	606	0
563	639	0
563	651	0
564	413	0
564	427	0
564	485	0
565	486	0
565	526	0
565	535	0
566	572	0
567	348	0
567	417	0
567	522	0
567	578	0
568	454	0
568	598	0
568	602	0
568	640	0
569	357	0
569	491	0
569	512	0
569	540	0
570	514	0
571	5	0
571	383	0
571	391	0
571	565	0
571	587	0
572	333	0
572	467	0
572	525	0
572	596	0
573	218	0
573	354	0
573	398	0
573	480	0
574	343	0
574	474	0
574	569	0
574	591	0
574	607	0
574	646	0
574	654	0
575	359	0
575	413	0
575	568	0
575	658	0
576	527	0
576	661	0
577	353	0
577	516	0
577	651	0
577	665	0
578	199	0
578	337	0
578	345	0
578	440	0
578	474	0
579	443	0
579	506	0
579	904	0
579	907	0
579	910	0
580	535	0
580	543	0
580	583	0
580	671	0
580	840	0
580	871	0
581	406	0
581	487	0
582	509	0
583	441	0
583	641	0
584	121	0
584	355	0
584	377	0
584	579	0
585	456	0
585	462	0
585	652	0
586	467	0
586	474	0
586	570	0
587	334	0
587	342	0
587	463	0
587	504	0
587	581	0
587	583	0
587	623	0
588	480	0
588	525	0
589	342	0
589	360	0
589	361	0
589	375	0
589	399	0
589	531	0
590	382	0
590	460	0
590	468	0
590	570	0
590	580	0
590	675	0
591	550	0
591	664	0
592	364	0
592	486	0
593	458	0
593	517	0
593	622	0
593	665	0
594	397	0
594	429	0
594	491	0
594	531	0
594	542	0
595	359	0
595	521	0
596	115	0
596	435	0
596	463	0
596	481	0
597	357	0
597	509	0
598	346	0
598	382	0
598	398	0
598	497	0
598	569	0
598	602	0
598	650	0
598	829	0
599	408	0
599	509	0
600	376	0
600	382	0
600	616	0
600	629	0
601	418	0
601	439	0
601	641	0
602	163	0
602	372	0
602	531	0
602	599	0
603	370	0
603	497	0
604	342	0
604	536	0
604	570	0
604	597	0
606	364	0
606	406	0
606	445	0
606	488	0
606	492	0
606	569	0
606	586	0
606	663	0
607	286	0
607	429	0
607	528	0
607	540	0
608	351	0
608	633	0
608	635	0
609	462	0
610	382	0
610	626	0
610	631	0
610	701	0
611	374	0
611	404	0
611	454	0
611	494	0
612	505	0
612	527	0
612	566	0
612	664	0
613	417	0
613	451	0
613	496	0
613	627	0
614	519	0
614	539	0
614	620	0
614	631	0
615	442	0
615	524	0
616	363	0
616	400	0
616	422	0
616	465	0
616	497	0
616	529	0
616	563	0
616	578	0
617	562	0
617	566	0
617	627	0
617	725	0
618	470	0
618	809	0
619	432	0
619	452	0
619	506	0
619	578	0
620	372	0
620	453	0
620	490	0
620	602	0
621	502	0
622	359	0
622	395	0
622	441	0
622	487	0
622	520	0
622	556	0
622	589	0
623	574	0
623	651	0
624	375	0
624	381	0
624	408	0
624	454	0
624	482	0
624	486	0
624	536	0
625	370	0
625	510	0
625	588	0
626	374	0
626	532	0
627	462	0
627	646	0
628	439	0
628	587	0
629	333	0
629	344	0
629	384	0
629	448	0
629	621	0
629	627	0
630	450	0
630	577	0
631	347	0
631	512	0
631	541	0
631	574	0
632	446	0
632	481	0
632	651	0
633	376	0
633	551	0
634	481	0
634	495	0
634	562	0
634	614	0
634	615	0
635	786	0
636	347	0
636	488	0
636	632	0
637	412	0
637	415	0
637	493	0
637	505	0
637	577	0
637	629	0
637	654	0
638	193	0
638	429	0
639	20	0
639	502	0
639	581	0
640	100	0
640	407	0
640	514	0
641	347	0
641	417	0
642	503	0
642	559	0
643	449	0
643	490	0
643	622	0
643	696	0
644	551	0
644	589	0
645	352	0
645	601	0
645	641	0
645	924	0
646	419	0
646	538	0
646	591	0
646	606	0
646	618	0
647	118	0
647	416	0
647	474	0
647	558	0
647	610	0
647	614	0
647	630	0
648	351	0
648	362	0
648	591	0
649	147	0
649	361	0
649	395	0
649	527	0
650	448	0
650	626	0
652	425	0
652	548	0
652	579	0
652	620	0
653	486	0
653	634	0
654	340	0
654	584	0
654	618	0
654	645	0
655	482	0
655	592	0
655	607	0
656	644	0
657	362	0
657	437	0
657	526	0
658	344	0
658	469	0
658	472	0
659	370	0
659	430	0
659	457	0
659	516	0
659	658	0
659	950	0
661	344	0
661	439	0
661	466	0
661	563	0
662	505	0
663	341	0
663	410	0
663	552	0
663	595	0
663	665	0
664	389	0
664	529	0
664	595	0
665	340	0
665	500	0
665	587	0
665	616	0
665	637	0
667	96	0
667	671	0
667	730	0
667	880	0
667	900	0
668	727	0
668	997	0
669	965	0
670	806	0
670	836	0
670	883	0
670	886	0
671	795	0
671	952	0
671	978	0
671	998	0
672	312	0
672	835	0
672	927	0
672	983	0
673	885	0
673	898	0
673	941	0
674	810	0
675	761	0
675	855	0
675	872	0
675	910	0
675	995	0
676	118	0
676	727	0
676	748	0
676	764	0
676	837	0
676	908	0
676	986	0
677	675	0
677	713	0
678	704	0
678	705	0
678	767	0
678	910	0
678	972	0
678	986	0
679	530	0
679	726	0
679	758	0
679	848	0
679	855	0
679	917	0
680	355	0
680	667	0
680	784	0
680	862	0
680	911	0
681	792	0
681	843	0
681	889	0
681	932	0
681	971	0
681	977	0
682	938	0
682	947	0
682	975	0
683	0	0
683	88	0
683	755	0
683	990	0
684	796	0
684	805	0
684	847	0
684	868	0
684	872	0
684	972	0
685	820	0
685	932	0
685	968	0
686	28	0
686	733	0
686	771	0
686	825	0
686	872	0
686	966	0
687	703	0
687	707	0
687	776	0
687	779	0
687	907	0
687	994	0
688	812	0
688	865	0
688	943	0
689	705	0
689	783	0
689	823	0
689	834	0
690	735	0
690	802	0
690	979	0
691	419	0
691	840	0
691	891	0
691	921	0
692	898	0
693	667	0
693	764	0
693	842	0
693	873	0
693	888	0
693	915	0
693	930	0
693	956	0
694	842	0
694	950	0
695	39	0
695	780	0
695	805	0
695	831	0
696	93	0
696	670	0
696	711	0
696	788	0
696	804	0
696	899	0
696	926	0
696	954	0
697	398	0
697	761	0
698	833	0
698	840	0
698	870	0
699	854	0
699	946	0
700	734	0
700	799	0
700	989	0
701	871	0
701	912	0
702	736	0
702	978	0
703	678	0
703	764	0
703	857	0
703	988	0
704	617	0
704	684	0
704	718	0
704	802	0
704	809	0
704	848	0
704	863	0
704	870	0
704	890	0
704	894	0
705	898	0
706	892	0
707	718	0
707	763	0
707	771	0
707	828	0
707	879	0
707	902	0
707	936	0
708	730	0
708	772	0
709	676	0
709	786	0
709	845	0
709	918	0
709	925	0
709	944	0
710	749	0
710	788	0
710	940	0
711	690	0
711	873	0
712	959	0
713	725	0
713	795	0
713	849	0
713	898	0
714	818	0
714	835	0
715	694	0
715	868	0
716	236	0
716	690	0
716	809	0
716	840	0
717	761	0
717	837	0
717	982	0
718	353	0
718	791	0
719	52	0
719	635	0
719	668	0
719	670	0
719	680	0
719	686	0
719	882	0
720	35	0
720	769	0
720	785	0
720	955	0
721	777	0
721	925	0
721	926	0
722	723	0
722	882	0
723	280	0
723	697	0
723	714	0
723	807	0
724	122	0
724	772	0
725	244	0
725	493	0
725	803	0
725	819	0
725	959	0
726	899	0
726	903	0
726	946	0
727	789	0
728	160	0
728	966	0
729	717	0
729	860	0
730	777	0
730	848	0
730	889	0
730	931	0
730	955	0
730	994	0
730	995	0
731	396	0
731	703	0
731	716	0
731	726	0
731	737	0
731	785	0
731	872	0
731	874	0
731	890	0
732	772	0
732	847	0
733	108	0
733	114	0
733	689	0
734	806	0
734	822	0
734	865	0
735	630	0
735	809	0
735	841	0
735	842	0
735	891	0
735	908	0
735	960	0
736	765	0
736	786	0
736	789	0
737	726	0
737	746	0
737	750	0
737	772	0
737	837	0
737	886	0
737	892	0
738	305	0
738	818	0
738	854	0
740	178	0
740	765	0
740	869	0
741	719	0
741	839	0
741	912	0
741	921	0
741	952	0
742	593	0
742	690	0
742	718	0
742	835	0
742	907	0
742	957	0
743	669	0
744	857	0
744	886	0
745	778	0
745	818	0
745	977	0
746	677	0
746	784	0
746	979	0
746	987	0
747	581	0
747	705	0
747	724	0
747	833	0
747	838	0
747	909	0
747	934	0
747	963	0
748	727	0
748	776	0
749	825	0
750	802	0
750	961	0
750	969	0
751	705	0
751	821	0
751	848	0
751	911	0
751	941	0
752	794	0
752	892	0
752	950	0
753	693	0
753	723	0
753	797	0
753	925	0
753	997	0
754	21	0
754	521	0
754	717	0
754	739	0
754	758	0
754	828	0
755	922	0
755	976	0
756	681	0
756	891	0
756	909	0
757	724	0
757	790	0
757	973	0
758	294	0
758	719	0
758	750	0
758	868	0
758	950	0
759	911	0
760	816	0
760	978	0
761	858	0
761	965	0
762	677	0
762	818	0
762	956	0
763	676	0
763	883	0
763	944	0
763	954	0
764	818	0
765	736	0
765	738	0
765	807	0
765	936	0
766	687	0
766	709	0
766	927	0
766	953	0
767	816	0
767	819	0
768	687	0
769	369	0
769	671	0
769	804	0
769	880	0
769	898	0
770	658	0
770	807	0
770	885	0
771	416	0
771	768	0
771	807	0
771	886	0
772	766	0
772	803	0
772	908	0
773	723	0
773	858	0
773	868	0
773	916	0
774	267	0
774	399	0
774	672	0
774	758	0
775	686	0
775	727	0
776	816	0
777	911	0
777	989	0
778	266	0
778	728	0
778	761	0
778	973	0
778	985	0
778	990	0
779	749	0
780	891	0
780	924	0
780	963	0
781	679	0
781	703	0
781	709	0
781	763	0
781	766	0
782	529	0
782	745	0
782	790	0
782	849	0
782	886	0
782	977	0
783	546	0
783	682	0
783	845	0
783	938	0
783	962	0
784	725	0
785	198	0
785	886	0
785	896	0
785	907	0
785	927	0
786	524	0
786	744	0
786	784	0
786	799	0
786	872	0
787	680	0
787	701	0
787	702	0
787	961	0
788	667	0
788	700	0
788	840	0
788	989	0
789	699	0
789	727	0
789	759	0
789	852	0
790	688	0
790	763	0
790	843	0
790	979	0
790	981	0
791	372	0
791	705	0
791	733	0
791	812	0
792	674	0
792	715	0
792	838	0
793	419	0
793	692	0
793	705	0
793	916	0
793	918	0
794	669	0
794	878	0
794	882	0
794	934	0
795	875	0
795	876	0
795	888	0
795	904	0
795	954	0
796	708	0
796	731	0
797	186	0
797	813	0
797	851	0
797	862	0
797	909	0
798	132	0
798	684	0
798	696	0
798	699	0
798	774	0
798	842	0
798	886	0
798	925	0
798	974	0
799	557	0
799	686	0
799	692	0
799	757	0
799	849	0
799	921	0
799	946	0
799	961	0
800	771	0
800	998	0
801	676	0
801	767	0
801	841	0
801	846	0
802	712	0
802	875	0
803	676	0
803	745	0
803	790	0
803	797	0
804	682	0
804	760	0
804	770	0
804	816	0
804	825	0
804	858	0
805	844	0
805	920	0
806	721	0
807	723	0
807	819	0
807	838	0
807	975	0
808	228	0
808	722	0
808	861	0
808	965	0
809	308	0
809	827	0
809	836	0
809	985	0
810	709	0
810	758	0
810	784	0
810	788	0
812	434	0
812	782	0
812	819	0
812	923	0
812	976	0
812	977	0
813	657	0
813	687	0
813	771	0
814	294	0
814	923	0
815	691	0
815	779	0
815	795	0
815	855	0
816	689	0
816	729	0
816	756	0
816	904	0
817	151	0
817	690	0
817	791	0
817	848	0
818	706	0
818	730	0
818	762	0
818	782	0
818	894	0
818	952	0
819	689	0
819	793	0
819	817	0
819	841	0
819	879	0
819	908	0
819	950	0
820	256	0
820	715	0
820	729	0
820	781	0
820	791	0
820	879	0
820	971	0
821	704	0
821	823	0
822	446	0
822	765	0
822	847	0
822	876	0
822	917	0
822	966	0
822	970	0
823	726	0
823	825	0
823	957	0
824	725	0
824	794	0
824	955	0
824	960	0
825	712	0
825	930	0
825	936	0
825	975	0
826	562	0
826	782	0
826	903	0
827	171	0
827	273	0
827	773	0
827	795	0
827	805	0
828	802	0
828	890	0
828	983	0
829	482	0
829	812	0
830	681	0
830	780	0
830	794	0
831	27	0
831	736	0
831	793	0
831	858	0
831	889	0
832	673	0
832	738	0
832	751	0
832	798	0
832	879	0
832	916	0
833	746	0
833	802	0
833	908	0
834	725	0
834	857	0
834	919	0
834	928	0
835	955	0
836	916	0
837	678	0
837	720	0
837	740	0
837	780	0
837	942	0
837	988	0
838	823	0
838	971	0
838	996	0
840	803	0
840	920	0
841	559	0
841	690	0
841	706	0
841	708	0
841	755	0
842	718	0
842	722	0
842	750	0
843	660	0
843	691	0
843	880	0
844	693	0
844	712	0
844	795	0
844	870	0
844	924	0
844	992	0
845	389	0
845	725	0
845	834	0
845	841	0
845	873	0
845	883	0
845	924	0
846	685	0
846	767	0
846	844	0
846	931	0
846	946	0
846	952	0
847	767	0
847	824	0
847	901	0
848	701	0
848	763	0
848	765	0
848	806	0
848	920	0
848	958	0
849	787	0
849	833	0
849	842	0
850	60	0
850	698	0
850	702	0
850	941	0
851	686	0
851	777	0
851	842	0
852	436	0
852	934	0
852	955	0
852	978	0
853	711	0
853	797	0
853	807	0
853	809	0
853	976	0
854	678	0
854	785	0
855	747	0
855	883	0
855	904	0
856	752	0
856	926	0
857	709	0
857	845	0
858	646	0
858	831	0
858	862	0
858	892	0
859	16	0
859	699	0
860	750	0
860	894	0
860	905	0
861	743	0
862	705	0
863	290	0
863	933	0
864	679	0
864	800	0
864	934	0
864	962	0
865	848	0
865	853	0
866	431	0
866	852	0
866	863	0
866	941	0
867	785	0
867	820	0
868	244	0
868	771	0
868	833	0
869	684	0
869	794	0
869	796	0
869	940	0
870	745	0
870	763	0
870	819	0
871	184	0
872	754	0
872	850	0
872	910	0
873	704	0
873	723	0
873	804	0
873	832	0
873	843	0
873	878	0
873	955	0
873	985	0
874	714	0
874	745	0
874	789	0
874	797	0
874	822	0
874	832	0
874	937	0
875	776	0
875	848	0
875	971	0
876	729	0
876	830	0
876	843	0
876	885	0
878	844	0
878	982	0
879	201	0
879	700	0
879	740	0
880	401	0
880	797	0
881	642	0
881	675	0
881	773	0
881	802	0
881	845	0
881	853	0
881	888	0
881	996	0
882	727	0
882	959	0
883	830	0
884	4	0
884	668	0
884	671	0
884	723	0
884	759	0
884	769	0
884	821	0
884	862	0
884	887	0
884	920	0
885	686	0
885	774	0
885	782	0
885	802	0
885	850	0
885	959	0
886	772	0
886	994	0
887	686	0
887	730	0
887	822	0
887	966	0
888	678	0
888	706	0
888	750	0
888	773	0
888	875	0
888	955	0
889	723	0
889	828	0
889	851	0
889	893	0
889	942	0
890	260	0
890	685	0
890	763	0
890	817	0
890	828	0
890	840	0
890	869	0
890	974	0
890	982	0
891	130	0
891	818	0
892	725	0
892	783	0
892	928	0
892	942	0
892	945	0
892	995	0
893	283	0
893	752	0
893	853	0
893	907	0
893	922	0
893	985	0
894	679	0
894	730	0
894	798	0
894	938	0
895	271	0
895	395	0
895	868	0
895	957	0
895	984	0
896	718	0
897	708	0
897	852	0
897	860	0
898	925	0
899	789	0
899	989	0
900	714	0
900	741	0
900	742	0
900	845	0
901	741	0
901	879	0
901	976	0
902	827	0
902	916	0
902	951	0
903	224	0
903	719	0
903	749	0
903	872	0
903	892	0
903	922	0
904	346	0
905	692	0
905	744	0
905	756	0
905	872	0
905	987	0
906	962	0
906	988	0
907	739	0
907	832	0
907	848	0
907	923	0
908	169	0
908	814	0
909	149	0
909	760	0
909	935	0
909	992	0
910	828	0
910	907	0
910	977	0
911	910	0
912	759	0
912	822	0
912	857	0
912	927	0
913	701	0
914	618	0
914	699	0
914	739	0
914	752	0
914	825	0
914	827	0
914	956	0
915	694	0
915	716	0
915	784	0
915	856	0
915	881	0
915	898	0
915	941	0
915	962	0
915	991	0
916	762	0
916	817	0
916	949	0
916	955	0
917	711	0
917	842	0
917	870	0
917	904	0
918	724	0
918	730	0
918	961	0
919	774	0
919	844	0
919	866	0
920	326	0
920	712	0
920	782	0
920	841	0
920	877	0
920	884	0
920	939	0
920	981	0
921	728	0
921	751	0
921	775	0
921	785	0
921	793	0
922	720	0
922	731	0
922	764	0
922	902	0
922	971	0
923	684	0
923	902	0
923	936	0
924	680	0
924	883	0
924	941	0
925	875	0
925	883	0
925	886	0
925	921	0
926	720	0
926	791	0
927	685	0
927	722	0
927	730	0
927	742	0
927	828	0
927	939	0
927	992	0
928	935	0
929	668	0
929	696	0
929	721	0
929	731	0
929	864	0
929	921	0
930	717	0
930	842	0
931	755	0
931	765	0
932	706	0
932	712	0
932	721	0
933	688	0
933	863	0
934	705	0
934	849	0
934	891	0
934	959	0
935	571	0
935	681	0
935	889	0
935	945	0
936	315	0
936	675	0
936	721	0
936	733	0
936	804	0
936	871	0
936	988	0
937	826	0
937	944	0
937	970	0
937	976	0
938	749	0
938	921	0
939	705	0
939	779	0
939	822	0
941	202	0
941	676	0
941	774	0
941	850	0
941	979	0
942	744	0
942	756	0
942	952	0
943	857	0
943	861	0
944	421	0
944	755	0
944	908	0
945	787	0
945	797	0
945	861	0
945	884	0
946	820	0
946	876	0
946	883	0
946	981	0
947	704	0
947	780	0
948	695	0
948	782	0
948	877	0
948	910	0
948	926	0
949	732	0
949	745	0
949	840	0
949	867	0
949	874	0
950	412	0
950	751	0
950	798	0
950	967	0
951	720	0
951	788	0
952	774	0
952	837	0
952	947	0
953	648	0
953	687	0
953	693	0
953	830	0
953	905	0
953	958	0
954	713	0
954	839	0
954	948	0
955	295	0
955	792	0
955	898	0
956	749	0
956	923	0
956	964	0
957	695	0
957	710	0
957	731	0
957	812	0
957	929	0
958	199	0
958	684	0
958	743	0
958	755	0
958	757	0
958	770	0
958	812	0
959	222	0
959	871	0
959	948	0
959	968	0
960	795	0
960	856	0
960	869	0
961	727	0
961	957	0
962	725	0
962	741	0
962	908	0
963	680	0
963	685	0
963	710	0
963	738	0
963	779	0
964	212	0
965	728	0
965	821	0
965	974	0
966	56	0
966	676	0
966	807	0
966	853	0
966	875	0
966	890	0
966	913	0
966	949	0
967	753	0
967	830	0
967	840	0
967	966	0
967	993	0
968	720	0
968	769	0
968	957	0
969	727	0
969	797	0
969	835	0
969	967	0
970	187	0
970	687	0
970	772	0
970	805	0
970	825	0
970	849	0
970	987	0
971	667	0
971	844	0
971	864	0
971	897	0
971	998	0
972	495	0
972	681	0
972	684	0
972	685	0
972	962	0
973	712	0
973	735	0
973	856	0
973	950	0
974	453	0
974	839	0
974	880	0
974	936	0
974	939	0
975	708	0
975	793	0
975	913	0
975	974	0
976	161	0
976	741	0
976	752	0
976	763	0
976	815	0
976	843	0
976	871	0
976	962	0
977	668	0
977	835	0
977	844	0
977	864	0
977	892	0
977	932	0
977	996	0
978	689	0
978	692	0
978	700	0
978	800	0
978	913	0
979	879	0
979	934	0
980	684	0
980	729	0
981	679	0
981	721	0
981	951	0
982	912	0
982	926	0
982	945	0
983	670	0
983	701	0
983	748	0
984	797	0
984	853	0
984	897	0
984	912	0
984	948	0
985	692	0
985	702	0
985	704	0
985	803	0
985	995	0
986	678	0
986	687	0
986	730	0
986	849	0
987	739	0
988	560	0
988	687	0
988	721	0
988	739	0
988	810	0
988	848	0
988	888	0
989	693	0
989	737	0
989	761	0
989	829	0
990	69	0
990	705	0
990	893	0
990	918	0
991	785	0
991	804	0
991	819	0
992	166	0
992	949	0
993	920	0
993	942	0
993	982	0
993	988	0
993	995	0
994	570	0
994	752	0
994	768	0
994	778	0
994	859	0
994	897	0
994	957	0
994	968	0
995	771	0
995	774	0
995	831	0
995	939	0
996	915	0
996	965	0
997	708	0
998	275	0
998	735	0
998	950	0
