3689
0	41	0
0	187	0
0	226	0
0	267	0
0	311	0
1	71	0
1	171	0
1	181	0
1	252	0
1	255	0
1	332	0
2	60	0
2	243	0
2	320	0
2	330	0
3	99	0
3	256	0
3	589	0
3	619	0
3	620	0
4	51	0
4	130	0
4	141	0
4	215	0
4	222	0
4	273	0
5	31	0
5	314	0
5	322	0
5	949	0
6	109	0
6	182	0
6	328	0
6	332	0
7	90	0
7	233	0
7	284	0
8	48	0
8	188	0
8	233	0
8	299	0
9	198	0
9	324	0
10	135	0
11	193	0
11	250	0
11	316	0
11	381	0
12	29	0
12	113	0
12	545	0
13	34	0
13	272	0
13	311	0
14	141	0
14	144	0
14	237	0
14	269	0
14	700	0
15	100	0
15	190	0
15	238	0
16	156	0
17	77	0
17	112	0
17	126	0
17	153	0
17	180	0
17	263	0
17	309	0
18	26	0
18	134	0
18	255	0
18	317	0
19	16	0
19	47	0
19	67	0
19	152	0
19	158	0
19	167	0
19	454	0
20	77	0
20	80	0
20	104	0
20	234	0
20	266	0
20	288	0
21	36	0
21	67	0
21	145	0
21	199	0
21	256	0
21	328	0
22	214	0
22	295	0
22	382	0
23	90	0
23	125	0
23	152	0
23	306	0
23	312	0
23	325	0
24	99	0
24	156	0
24	162	0
25	260	0
26	117	0
26	272	0
27	81	0
28	5	0
28	19	0
28	98	0
28	102	0
28	103	0
28	187	0
28	285	0
29	207	0
29	307	0
30	24	0
30	113	0
30	228	0
30	251	0
31	18	0
31	52	0
31	126	0
31	214	0
31	306	0
31	308	0
32	379	0
33	164	0
33	196	0
33	993	0
34	18	0
34	239	0
34	311	0
35	69	0
35	162	0
36	33	0
37	86	0
37	114	0
38	318	0
38	412	0
38	663	0
39	180	0
39	184	0
39	205	0
40	203	0
40	252	0
40	280	0
41	11	0
41	66	0
41	82	0
41	323	0
42	39	0
42	162	0
42	220	0
42	242	0
42	307	0
42	973	0
43	82	0
43	141	0
43	163	0
43	281	0
44	29	0
44	99	0
44	191	0
44	194	0
44	212	0
44	229	0
46	32	0
46	45	0
46	127	0
46	161	0
46	165	0
47	149	0
48	7	0
48	45	0
48	98	0
48	328	0
49	122	0
49	136	0
49	172	0
49	197	0
49	291	0
50	17	0
50	161	0
50	177	0
51	146	0
51	164	0
51	248	0
51	301	0
51	557	0
52	9	0
52	301	0
52	320	0
53	56	0
53	57	0
53	213	0
54	74	0
54	97	0
54	135	0
55	97	0
55	312	0
56	137	0
56	219	0
56	220	0
57	105	0
57	211	0
57	229	0
57	277	0
57	287	0
58	21	0
58	23	0
58	226	0
59	105	0
59	988	0
60	194	0
60	242	0
61	24	0
61	112	0
61	916	0
62	3	0
62	194	0
62	215	0
62	253	0
62	303	0
62	328	0
63	140	0
63	242	0
63	304	0
64	85	0
64	156	0
64	596	0
66	16	0
66	49	0
66	303	0
66	332	0
67	63	0
67	94	0
67	187	0
67	213	0
67	243	0
67	244	0
67	314	0
68	95	0
68	98	0
68	478	0
69	15	0
69	79	0
69	107	0
69	149	0
69	168	0
69	235	0
69	360	0
69	428	0
70	26	0
70	82	0
70	131	0
70	210	0
70	296	0
70	381	0
71	44	0
71	141	0
71	245	0
71	274	0
71	314	0
71	561	0
71	750	0
72	30	0
72	135	0
72	541	0
73	287	0
74	1	0
74	3	0
74	9	0
74	70	0
74	104	0
74	216	0
75	63	0
75	91	0
75	158	0
75	228	0
75	293	0
75	308	0
76	17	0
76	140	0
76	166	0
76	176	0
76	226	0
77	304	0
77	308	0
78	100	0
79	112	0
79	155	0
80	56	0
80	82	0
80	140	0
80	190	0
80	784	0
81	1	0
81	233	0
82	66	0
82	198	0
82	266	0
83	231	0
83	512	0
83	584	0
84	104	0
84	124	0
85	16	0
85	140	0
85	320	0
86	243	0
86	256	0
87	184	0
87	290	0
87	297	0
88	294	0
88	574	0
89	56	0
89	604	0
90	47	0
90	149	0
90	224	0
90	519	0
91	12	0
91	118	0
91	132	0
91	178	0
91	539	0
92	27	0
92	45	0
92	126	0
92	178	0
92	279	0
93	13	0
93	39	0
93	292	0
94	200	0
94	218	0
94	241	0
94	275	0
94	437	0
95	20	0
95	27	0
95	35	0
95	167	0
95	269	0
95	276	0
96	54	0
96	121	0
96	231	0
96	298	0
96	301	0
97	104	0
97	139	0
97	257	0
97	276	0
97	704	0
98	198	0
98	220	0
98	314	0
99	82	0
99	157	0
99	188	0
99	375	0
100	9	0
100	28	0
100	241	0
100	306	0
100	618	0
101	47	0
101	187	0
102	207	0
102	241	0
102	276	0
103	12	0
103	51	0
103	157	0
103	159	0
103	192	0
103	221	0
104	143	0
104	171	0
105	51	0
105	77	0
105	85	0
105	90	0
105	307	0
105	858	0
106	208	0
106	671	0
107	57	0
107	143	0
107	258	0
108	51	0
108	304	0
108	362	0
109	97	0
109	143	0
109	259	0
110	190	0
111	54	0
111	124	0
111	223	0
111	231	0
112	1	0
112	64	0
112	65	0
112	129	0
112	196	0
112	213	0
113	98	0
113	164	0
113	174	0
113	230	0
113	256	0
115	49	0
115	59	0
115	146	0
115	173	0
115	269	0
115	288	0
115	296	0
116	34	0
116	115	0
116	266	0
116	281	0
116	308	0
117	45	0
117	46	0
117	76	0
117	121	0
118	68	0
118	131	0
118	148	0
119	138	0
119	284	0
119	307	0
119	324	0
120	56	0
120	57	0
120	164	0
121	139	0
121	231	0
122	292	0
123	97	0
123	216	0
123	260	0
123	262	0
123	604	0
124	147	0
124	161	0
124	225	0
124	274	0
124	327	0
125	114	0
125	148	0
125	245	0
125	270	0
125	286	0
126	282	0
127	8	0
127	32	0
128	49	0
128	124	0
128	138	0
128	190	0
128	302	0
129	151	0
129	193	0
129	307	0
130	233	0
130	279	0
131	82	0
131	98	0
131	156	0
131	287	0
131	317	0
133	173	0
133	274	0
133	275	0
134	121	0
134	186	0
134	187	0
134	220	0
134	240	0
134	263	0
134	682	0
135	324	0
136	45	0
136	60	0
136	140	0
136	148	0
136	238	0
137	0	0
137	48	0
137	714	0
138	184	0
138	328	0
139	707	0
140	323	0
141	12	0
141	41	0
141	597	0
142	44	0
142	214	0
142	237	0
142	280	0
143	149	0
143	224	0
143	279	0
143	313	0
144	91	0
144	208	0
144	321	0
144	390	0
145	127	0
145	144	0
145	311	0
146	109	0
146	180	0
146	228	0
146	278	0
147	228	0
147	305	0
148	3	0
148	4	0
148	25	0
148	255	0
149	9	0
149	200	0
150	22	0
150	58	0
150	267	0
151	29	0
151	166	0
151	205	0
151	507	0
152	92	0
152	165	0
152	287	0
153	60	0
153	116	0
153	152	0
153	210	0
153	308	0
154	192	0
155	16	0
155	61	0
155	142	0
155	166	0
155	212	0
156	73	0
156	96	0
156	223	0
157	73	0
157	103	0
157	246	0
157	305	0
157	315	0
157	319	0
157	768	0
158	20	0
158	68	0
158	74	0
158	124	0
158	289	0
158	295	0
159	5	0
159	11	0
159	200	0
159	976	0
160	46	0
160	282	0
160	315	0
160	318	0
161	57	0
161	216	0
162	132	0
162	154	0
162	173	0
162	238	0
163	230	0
163	292	0
164	10	0
164	45	0
165	0	0
165	178	0
165	196	0
165	198	0
165	295	0
166	61	0
166	68	0
166	77	0
166	213	0
166	245	0
166	816	0
167	160	0
167	232	0
167	252	0
167	333	0
167	728	0
167	770	0
168	25	0
168	148	0
168	184	0
168	232	0
169	53	0
169	146	0
169	291	0
170	310	0
171	8	0
171	31	0
171	95	0
171	108	0
171	123	0
171	162	0
171	254	0
172	85	0
172	167	0
172	169	0
172	184	0
172	503	0
173	295	0
174	9	0
174	63	0
174	118	0
174	138	0
174	260	0
174	290	0
174	301	0
175	80	0
175	100	0
175	202	0
175	257	0
176	57	0
176	100	0
176	191	0
177	77	0
177	170	0
177	275	0
177	366	0
178	35	0
178	70	0
178	312	0
179	92	0
179	124	0
179	322	0
179	444	0
180	215	0
180	284	0
180	308	0
180	311	0
181	8	0
181	296	0
182	64	0
182	161	0
183	60	0
183	111	0
183	146	0
183	189	0
184	10	0
184	72	0
184	82	0
184	155	0
184	188	0
184	220	0
185	40	0
185	61	0
185	156	0
185	216	0
186	6	0
186	51	0
186	187	0
186	302	0
187	114	0
187	137	0
187	235	0
187	284	0
189	142	0
189	266	0
189	294	0
189	300	0
189	403	0
190	79	0
191	39	0
191	208	0
191	254	0
191	328	0
192	41	0
192	185	0
192	193	0
192	195	0
192	819	0
193	50	0
193	69	0
193	77	0
193	163	0
193	260	0
193	314	0
194	145	0
194	167	0
194	230	0
194	265	0
195	163	0
195	196	0
195	216	0
195	268	0
195	327	0
196	283	0
197	42	0
197	54	0
197	160	0
197	170	0
197	326	0
198	40	0
198	102	0
199	153	0
199	218	0
200	81	0
200	151	0
200	188	0
200	212	0
200	324	0
200	566	0
201	6	0
201	48	0
201	54	0
201	65	0
201	265	0
201	268	0
201	973	0
202	15	0
202	100	0
202	541	0
203	41	0
203	90	0
203	98	0
203	137	0
203	138	0
203	157	0
203	211	0
204	79	0
204	123	0
204	258	0
204	285	0
204	286	0
206	20	0
206	248	0
206	282	0
207	19	0
207	197	0
207	268	0
208	131	0
208	295	0
208	569	0
209	326	0
210	52	0
210	57	0
210	297	0
210	327	0
211	109	0
211	130	0
211	306	0
212	242	0
212	264	0
212	323	0
213	20	0
213	62	0
213	116	0
213	154	0
213	253	0
213	255	0
213	816	0
214	195	0
214	326	0
215	36	0
215	67	0
215	80	0
215	124	0
216	92	0
217	69	0
217	123	0
217	124	0
217	301	0
218	124	0
218	225	0
219	75	0
219	202	0
219	301	0
219	309	0
220	28	0
220	29	0
220	129	0
220	153	0
220	178	0
220	179	0
220	298	0
221	116	0
221	145	0
221	301	0
222	119	0
222	209	0
223	11	0
223	32	0
223	67	0
223	258	0
223	276	0
224	3	0
224	10	0
224	297	0
224	408	0
224	524	0
225	136	0
225	278	0
225	557	0
226	42	0
226	151	0
226	158	0
226	188	0
227	89	0
227	195	0
227	204	0
227	278	0
227	329	0
228	39	0
228	201	0
229	71	0
229	88	0
229	212	0
230	16	0
230	51	0
230	234	0
230	306	0
231	34	0
231	239	0
231	318	0
232	79	0
232	299	0
232	310	0
232	382	0
233	1	0
233	22	0
233	133	0
234	184	0
234	315	0
235	124	0
235	211	0
237	120	0
237	138	0
237	257	0
237	292	0
237	320	0
238	40	0
238	128	0
238	283	0
238	414	0
239	34	0
239	110	0
239	920	0
240	65	0
240	107	0
240	148	0
241	34	0
241	109	0
241	904	0
242	22	0
242	117	0
242	166	0
242	264	0
242	741	0
243	19	0
243	176	0
243	232	0
243	758	0
245	41	0
245	132	0
245	151	0
245	291	0
245	321	0
246	28	0
246	190	0
246	194	0
246	330	0
247	4	0
248	15	0
248	52	0
248	149	0
248	203	0
248	245	0
248	254	0
248	260	0
248	296	0
248	300	0
248	325	0
249	37	0
249	45	0
249	116	0
249	128	0
249	149	0
250	60	0
250	165	0
251	23	0
252	147	0
252	606	0
253	65	0
253	120	0
253	599	0
254	28	0
254	201	0
255	204	0
255	761	0
256	22	0
256	60	0
256	98	0
256	113	0
256	136	0
256	146	0
256	197	0
257	58	0
257	77	0
257	306	0
258	127	0
258	135	0
258	201	0
259	15	0
259	35	0
259	221	0
259	288	0
260	303	0
260	332	0
260	815	0
261	248	0
261	275	0
261	277	0
261	298	0
261	305	0
262	89	0
262	296	0
263	178	0
264	169	0
264	232	0
264	248	0
264	275	0
265	135	0
265	155	0
265	223	0
266	53	0
266	81	0
266	107	0
266	119	0
266	161	0
266	177	0
266	667	0
267	167	0
268	59	0
268	709	0
269	142	0
269	175	0
270	11	0
270	58	0
270	111	0
270	328	0
271	10	0
271	26	0
271	64	0
271	149	0
272	283	0
273	18	0
273	137	0
273	155	0
274	8	0
274	29	0
274	56	0
274	208	0
274	302	0
274	422	0
275	6	0
275	20	0
275	202	0
275	239	0
275	293	0
276	123	0
276	266	0
277	169	0
277	239	0
277	299	0
277	313	0
278	13	0
278	179	0
278	206	0
278	215	0
278	233	0
278	264	0
278	281	0
278	331	0
279	19	0
279	58	0
279	304	0
279	325	0
280	9	0
280	68	0
280	171	0
280	248	0
281	90	0
281	184	0
282	20	0
282	222	0
282	305	0
282	327	0
282	685	0
283	68	0
283	79	0
283	195	0
285	140	0
285	215	0
286	17	0
286	22	0
286	45	0
286	210	0
286	281	0
287	25	0
287	27	0
287	129	0
288	3	0
288	93	0
288	314	0
288	317	0
289	13	0
289	175	0
289	319	0
290	96	0
290	136	0
290	152	0
290	165	0
290	171	0
290	215	0
290	276	0
290	306	0
291	8	0
291	187	0
291	228	0
291	244	0
291	277	0
293	20	0
293	104	0
293	716	0
294	32	0
294	201	0
295	105	0
295	134	0
295	286	0
296	19	0
296	28	0
296	212	0
296	251	0
296	441	0
297	77	0
297	158	0
297	167	0
297	170	0
297	233	0
297	242	0
297	311	0
298	18	0
298	221	0
300	90	0
300	254	0
300	293	0
300	810	0
301	35	0
301	47	0
301	664	0
302	85	0
302	97	0
302	124	0
302	180	0
302	269	0
302	316	0
303	55	0
303	76	0
303	262	0
303	273	0
303	315	0
304	214	0
304	282	0
305	34	0
305	40	0
305	68	0
305	75	0
305	213	0
305	325	0
306	68	0
306	71	0
306	133	0
306	155	0
307	14	0
307	66	0
307	314	0
308	8	0
308	161	0
308	197	0
308	211	0
309	17	0
309	80	0
309	126	0
309	861	0
310	19	0
310	311	0
310	322	0
311	33	0
311	187	0
311	331	0
312	78	0
312	206	0
312	297	0
312	310	0
312	317	0
312	321	0
313	65	0
313	125	0
314	62	0
314	140	0
314	158	0
315	72	0
315	262	0
316	110	0
317	134	0
317	178	0
317	217	0
318	87	0
318	189	0
318	245	0
318	277	0
319	232	0
320	23	0
320	252	0
320	280	0
320	332	0
321	152	0
321	226	0
321	240	0
322	41	0
322	60	0
322	173	0
322	293	0
323	225	0
323	279	0
323	299	0
323	305	0
323	330	0
324	35	0
324	70	0
324	106	0
324	252	0
324	256	0
325	6	0
325	222	0
325	321	0
325	615	0
326	41	0
326	62	0
326	71	0
326	243	0
326	365	0
326	644	0
327	1	0
327	200	0
328	36	0
328	122	0
328	287	0
328	866	0
329	67	0
329	142	0
329	149	0
329	762	0
330	928	0
331	12	0
331	55	0
331	101	0
331	136	0
331	325	0
331	664	0
332	109	0
332	155	0
333	390	0
333	435	0
333	516	0
333	585	0
334	340	0
334	925	0
335	337	0
335	400	0
335	548	0
335	610	0
335	615	0
335	664	0
336	400	0
336	481	0
337	367	0
337	392	0
338	584	0
339	389	0
339	568	0
339	585	0
339	642	0
340	375	0
340	547	0
341	594	0
341	644	0
341	825	0
342	368	0
342	490	0
342	562	0
343	336	0
343	355	0
343	474	0
343	952	0
344	370	0
344	440	0
344	460	0
344	555	0
344	593	0
344	611	0
345	378	0
345	384	0
345	458	0
345	629	0
345	910	0
345	932	0
346	111	0
346	427	0
346	522	0
346	532	0
346	555	0
346	652	0
347	364	0
347	480	0
347	605	0
348	488	0
348	628	0
348	932	0
348	995	0
349	427	0
349	447	0
349	705	0
350	488	0
350	508	0
350	529	0
350	543	0
350	644	0
351	158	0
351	368	0
351	390	0
351	396	0
351	523	0
352	35	0
352	389	0
352	454	0
352	561	0
352	574	0
353	409	0
353	624	0
354	464	0
354	490	0
354	549	0
355	48	0
355	377	0
355	494	0
355	497	0
355	515	0
355	559	0
355	604	0
355	651	0
356	543	0
357	343	0
357	355	0
357	486	0
357	569	0
357	577	0
357	640	0
357	918	0
358	151	0
358	515	0
359	565	0
359	583	0
360	399	0
360	497	0
360	530	0
360	606	0
361	400	0
361	486	0
361	493	0
361	537	0
362	341	0
362	446	0
362	663	0
363	395	0
363	405	0
363	458	0
363	480	0
363	516	0
363	566	0
365	338	0
365	383	0
365	390	0
365	408	0
365	431	0
365	510	0
365	563	0
365	614	0
366	341	0
366	382	0
366	393	0
366	421	0
366	439	0
366	462	0
366	472	0
366	477	0
366	592	0
366	647	0
367	455	0
367	476	0
367	655	0
367	660	0
368	268	0
368	451	0
368	573	0
369	406	0
369	410	0
369	474	0
369	535	0
369	565	0
369	605	0
369	663	0
369	743	0
370	339	0
370	447	0
370	556	0
370	561	0
370	572	0
370	634	0
371	427	0
371	477	0
371	657	0
371	820	0
371	911	0
372	508	0
372	525	0
372	571	0
373	409	0
373	473	0
374	390	0
374	559	0
374	871	0
374	888	0
375	521	0
375	558	0
375	614	0
375	897	0
376	226	0
376	554	0
376	586	0
376	593	0
376	614	0
376	638	0
376	730	0
377	285	0
377	461	0
377	645	0
378	402	0
378	522	0
378	544	0
378	561	0
379	538	0
379	631	0
380	334	0
380	478	0
380	532	0
380	579	0
381	378	0
381	476	0
381	961	0
382	346	0
383	397	0
383	459	0
383	462	0
383	476	0
383	568	0
383	658	0
384	577	0
385	336	0
385	435	0
385	484	0
385	490	0
385	561	0
385	564	0
385	571	0
386	447	0
386	476	0
387	358	0
387	443	0
387	453	0
387	521	0
387	565	0
388	342	0
388	375	0
388	404	0
388	471	0
388	732	0
389	215	0
389	373	0
389	412	0
389	417	0
389	420	0
389	514	0
389	600	0
390	373	0
390	439	0
390	483	0
390	500	0
390	546	0
390	661	0
391	442	0
391	550	0
392	405	0
392	553	0
392	601	0
393	344	0
393	357	0
393	397	0
393	529	0
393	611	0
394	0	0
394	481	0
394	516	0
394	649	0
394	842	0
395	498	0
395	558	0
396	465	0
396	562	0
396	648	0
396	665	0
397	488	0
398	370	0
398	460	0
399	361	0
399	433	0
399	642	0
400	411	0
401	381	0
402	381	0
402	459	0
402	544	0
402	571	0
402	607	0
402	609	0
402	619	0
403	436	0
403	539	0
403	632	0
403	657	0
404	179	0
404	402	0
404	409	0
404	414	0
404	543	0
404	550	0
404	943	0
405	150	0
405	449	0
405	662	0
406	408	0
406	542	0
406	562	0
408	424	0
408	448	0
408	455	0
408	607	0
409	361	0
409	382	0
409	394	0
409	414	0
409	552	0
409	595	0
409	644	0
409	662	0
410	338	0
410	450	0
410	659	0
411	360	0
411	434	0
411	491	0
412	408	0
412	479	0
412	597	0
412	634	0
413	357	0
413	361	0
413	405	0
413	568	0
414	354	0
414	514	0
414	529	0
414	867	0
415	398	0
415	438	0
415	503	0
415	507	0
415	518	0
415	522	0
415	663	0
416	507	0
416	657	0
416	973	0
417	341	0
417	381	0
417	534	0
417	618	0
418	356	0
418	366	0
418	474	0
418	492	0
418	508	0
418	547	0
418	828	0
419	361	0
419	369	0
419	434	0
419	550	0
419	558	0
419	585	0
419	644	0
420	382	0
420	647	0
421	378	0
421	397	0
421	426	0
421	538	0
421	562	0
422	453	0
422	466	0
423	195	0
423	463	0
423	524	0
423	624	0
423	634	0
424	418	0
424	447	0
424	461	0
424	621	0
425	448	0
426	397	0
426	424	0
426	440	0
426	441	0
426	633	0
426	694	0
427	537	0
427	658	0
428	195	0
428	340	0
428	380	0
428	396	0
428	398	0
428	410	0
428	489	0
428	559	0
428	587	0
428	588	0
428	612	0
430	478	0
430	554	0
430	629	0
430	661	0
430	686	0
431	476	0
431	607	0
432	463	0
432	489	0
432	557	0
432	609	0
432	620	0
432	704	0
433	415	0
433	463	0
433	615	0
433	627	0
434	394	0
434	397	0
434	417	0
434	581	0
435	369	0
435	555	0
435	641	0
435	661	0
436	524	0
436	549	0
436	593	0
436	654	0
437	470	0
437	644	0
439	559	0
439	680	0
439	762	0
440	269	0
440	385	0
440	527	0
440	634	0
441	112	0
442	337	0
442	358	0
442	479	0
442	615	0
442	637	0
442	957	0
443	573	0
443	595	0
444	197	0
444	261	0
444	337	0
444	443	0
445	159	0
445	496	0
446	245	0
446	462	0
446	545	0
446	581	0
446	647	0
447	558	0
447	611	0
448	248	0
448	494	0
448	554	0
448	637	0
449	22	0
449	430	0
449	458	0
449	460	0
449	482	0
449	563	0
450	589	0
451	369	0
451	378	0
451	506	0
451	555	0
452	351	0
452	388	0
452	513	0
452	597	0
453	518	0
453	575	0
454	361	0
454	385	0
454	448	0
454	477	0
454	585	0
455	527	0
455	534	0
455	542	0
455	583	0
455	647	0
456	372	0
456	410	0
456	421	0
456	558	0
456	564	0
456	574	0
456	688	0
457	289	0
457	338	0
457	426	0
457	454	0
457	479	0
457	506	0
457	603	0
457	661	0
458	159	0
458	340	0
458	387	0
458	400	0
458	436	0
458	507	0
458	524	0
458	727	0
459	554	0
459	555	0
459	646	0
460	372	0
460	596	0
460	647	0
461	352	0
461	402	0
461	427	0
461	514	0
461	527	0
461	536	0
461	618	0
462	479	0
462	537	0
462	674	0
463	989	0
464	159	0
464	401	0
464	457	0
464	494	0
464	594	0
464	618	0
464	898	0
465	456	0
466	366	0
466	477	0
466	519	0
466	573	0
466	630	0
466	716	0
467	381	0
467	469	0
467	570	0
467	580	0
467	772	0
468	335	0
468	366	0
468	523	0
468	538	0
469	388	0
469	409	0
469	430	0
469	561	0
469	575	0
470	400	0
470	432	0
470	503	0
470	574	0
470	585	0
470	658	0
470	662	0
470	703	0
471	376	0
471	429	0
471	636	0
472	6	0
473	373	0
473	459	0
473	577	0
473	612	0
474	421	0
474	581	0
474	622	0
474	716	0
475	334	0
475	465	0
475	549	0
475	555	0
475	804	0
476	355	0
476	522	0
476	527	0
476	550	0
476	580	0
477	430	0
477	457	0
477	497	0
477	524	0
478	119	0
478	389	0
480	545	0
480	641	0
481	438	0
481	441	0
481	558	0
482	341	0
482	434	0
482	438	0
483	494	0
483	555	0
483	558	0
483	579	0
483	604	0
483	659	0
484	394	0
484	442	0
484	518	0
484	527	0
485	259	0
485	409	0
485	458	0
486	366	0
486	403	0
486	446	0
486	465	0
486	507	0
486	589	0
487	362	0
488	394	0
488	444	0
488	549	0
488	612	0
489	380	0
489	381	0
489	397	0
489	433	0
489	629	0
490	401	0
490	448	0
490	565	0
490	574	0
490	656	0
491	228	0
491	432	0
491	478	0
491	565	0
491	637	0
491	646	0
492	422	0
492	478	0
492	509	0
492	620	0
492	935	0
493	452	0
493	523	0
493	787	0
494	388	0
494	424	0
494	553	0
494	557	0
494	578	0
495	554	0
495	563	0
495	650	0
496	379	0
496	411	0
496	414	0
496	444	0
496	448	0
496	456	0
496	494	0
497	400	0
498	532	0
498	865	0
499	358	0
499	484	0
499	575	0
499	610	0
500	10	0
500	347	0
500	531	0
500	960	0
501	399	0
501	428	0
501	461	0
501	504	0
501	642	0
502	429	0
503	378	0
503	546	0
503	568	0
503	599	0
504	450	0
505	333	0
505	362	0
505	364	0
505	393	0
505	402	0
505	480	0
505	948	0
506	212	0
506	530	0
506	565	0
507	372	0
507	403	0
507	639	0
508	335	0
508	495	0
508	532	0
508	536	0
508	570	0
509	7	0
509	338	0
509	474	0
509	536	0
509	610	0
510	403	0
510	451	0
510	517	0
511	467	0
512	385	0
512	401	0
512	436	0
512	588	0
512	594	0
512	635	0
513	444	0
513	452	0
513	487	0
514	158	0
514	656	0
515	495	0
515	555	0
515	645	0
515	948	0
516	470	0
516	756	0
517	342	0
517	356	0
517	374	0
517	392	0
517	398	0
517	427	0
517	489	0
518	384	0
518	449	0
518	615	0
519	437	0
519	445	0
519	513	0
519	533	0
520	578	0
521	515	0
521	631	0
522	459	0
522	521	0
522	523	0
522	581	0
522	593	0
522	628	0
522	631	0
522	632	0
523	421	0
523	470	0
523	489	0
523	519	0
523	556	0
523	573	0
523	624	0
523	649	0
524	633	0
524	638	0
525	357	0
525	552	0
525	554	0
525	564	0
526	323	0
526	425	0
526	502	0
526	518	0
526	594	0
526	656	0
527	372	0
527	401	0
527	559	0
528	353	0
528	613	0
529	422	0
529	474	0
529	564	0
530	28	0
530	362	0
530	456	0
530	507	0
530	572	0
530	621	0
531	402	0
531	558	0
531	633	0
532	335	0
532	410	0
532	585	0
532	646	0
532	748	0
533	591	0
533	653	0
534	333	0
534	348	0
534	450	0
534	493	0
534	517	0
535	455	0
535	597	0
535	692	0
536	366	0
536	475	0
536	551	0
536	566	0
536	802	0
537	362	0
538	452	0
538	524	0
538	553	0
538	633	0
538	635	0
538	920	0
539	403	0
539	433	0
539	473	0
539	499	0
539	540	0
539	582	0
539	647	0
540	380	0
540	382	0
540	511	0
540	561	0
540	571	0
540	610	0
540	627	0
540	862	0
541	343	0
541	374	0
541	441	0
541	468	0
541	469	0
542	219	0
542	415	0
542	434	0
542	510	0
542	543	0
542	624	0
542	626	0
542	651	0
543	495	0
543	566	0
543	569	0
543	624	0
543	625	0
544	380	0
544	471	0
544	584	0
544	615	0
545	372	0
545	450	0
545	510	0
545	584	0
545	614	0
546	366	0
546	395	0
546	478	0
546	629	0
547	504	0
547	639	0
548	362	0
548	398	0
548	611	0
549	464	0
550	336	0
550	527	0
550	545	0
551	404	0
551	425	0
552	488	0
552	609	0
552	626	0
552	641	0
552	647	0
553	373	0
553	386	0
554	346	0
554	370	0
554	377	0
554	405	0
554	412	0
554	523	0
554	630	0
555	335	0
555	347	0
555	417	0
556	479	0
556	550	0
556	629	0
556	996	0
557	382	0
557	529	0
558	354	0
558	501	0
558	539	0
558	643	0
559	349	0
559	436	0
559	474	0
559	485	0
559	505	0
559	513	0
559	515	0
560	478	0
561	588	0
561	611	0
562	339	0
562	416	0
562	605	0
562	638	0
562	650	0
563	412	0
563	426	0
563	484	0
564	485	0
564	525	0
564	534	0
565	571	0
566	348	0
566	416	0
566	521	0
566	577	0
567	453	0
567	597	0
567	601	0
567	639	0
568	357	0
568	490	0
568	511	0
568	539	0
569	513	0
570	5	0
570	382	0
570	390	0
570	564	0
570	586	0
571	333	0
571	466	0
571	524	0
571	595	0
572	218	0
572	354	0
572	397	0
572	479	0
573	343	0
573	473	0
573	568	0
573	590	0
573	606	0
573	645	0
573	653	0
574	359	0
574	412	0
574	567	0
574	657	0
575	526	0
575	660	0
576	353	0
576	515	0
576	650	0
576	664	0
577	199	0
577	337	0
577	345	0
577	439	0
577	473	0
578	442	0
578	505	0
578	902	0
578	905	0
578	908	0
579	534	0
579	542	0
579	582	0
579	670	0
579	838	0
579	869	0
580	405	0
580	486	0
581	508	0
582	440	0
582	640	0
583	121	0
583	355	0
583	376	0
583	578	0
584	455	0
584	461	0
584	651	0
585	466	0
585	473	0
585	569	0
586	334	0
586	342	0
586	462	0
586	503	0
586	580	0
586	582	0
586	622	0
587	479	0
587	524	0
588	342	0
588	360	0
588	361	0
588	374	0
588	398	0
588	530	0
589	381	0
589	459	0
589	467	0
589	569	0
589	579	0
589	674	0
590	549	0
590	663	0
591	364	0
591	485	0
592	457	0
592	516	0
592	621	0
592	664	0
593	396	0
593	428	0
593	490	0
593	530	0
593	541	0
594	359	0
594	520	0
595	115	0
595	434	0
595	462	0
595	480	0
596	357	0
596	508	0
597	346	0
597	381	0
597	397	0
597	496	0
597	568	0
597	601	0
597	649	0
597	827	0
598	407	0
598	508	0
599	375	0
599	381	0
599	615	0
599	628	0
600	417	0
600	438	0
600	640	0
601	163	0
601	371	0
601	530	0
601	598	0
602	369	0
602	496	0
603	342	0
603	535	0
603	569	0
603	596	0
605	364	0
605	405	0
605	444	0
605	487	0
605	491	0
605	568	0
605	585	0
605	662	0
606	286	0
606	428	0
606	527	0
606	539	0
607	351	0
607	632	0
607	634	0
608	461	0
609	381	0
609	625	0
609	630	0
609	700	0
610	373	0
610	403	0
610	453	0
610	493	0
611	504	0
611	526	0
611	565	0
611	663	0
612	416	0
612	450	0
612	495	0
612	626	0
613	518	0
613	538	0
613	619	0
613	630	0
614	441	0
614	523	0
615	363	0
615	399	0
615	421	0
615	464	0
615	496	0
615	528	0
615	562	0
615	577	0
616	561	0
616	565	0
616	626	0
616	724	0
617	469	0
617	808	0
618	431	0
618	451	0
618	505	0
618	577	0
619	371	0
619	452	0
619	489	0
619	601	0
620	501	0
621	359	0
621	394	0
621	440	0
621	486	0
621	519	0
621	555	0
621	588	0
622	573	0
622	650	0
623	374	0
623	380	0
623	407	0
623	453	0
623	481	0
623	485	0
623	535	0
624	369	0
624	509	0
624	587	0
625	373	0
625	531	0
626	461	0
626	645	0
627	438	0
627	586	0
628	333	0
628	344	0
628	383	0
628	447	0
628	620	0
628	626	0
629	449	0
629	576	0
630	347	0
630	511	0
630	540	0
630	573	0
631	445	0
631	480	0
631	650	0
632	375	0
632	550	0
633	480	0
633	494	0
633	561	0
633	613	0
633	614	0
634	785	0
635	347	0
635	487	0
635	631	0
636	411	0
636	414	0
636	492	0
636	504	0
636	576	0
636	628	0
636	653	0
637	193	0
637	428	0
638	20	0
638	501	0
638	580	0
639	100	0
639	406	0
639	513	0
640	347	0
640	416	0
641	502	0
641	558	0
642	448	0
642	489	0
642	621	0
642	695	0
643	550	0
643	588	0
644	352	0
644	600	0
644	640	0
644	922	0
645	418	0
645	537	0
645	590	0
645	605	0
645	617	0
646	118	0
646	415	0
646	473	0
646	557	0
646	609	0
646	613	0
646	629	0
647	351	0
647	362	0
647	590	0
648	147	0
648	361	0
648	394	0
648	526	0
649	447	0
649	625	0
651	424	0
651	547	0
651	578	0
651	619	0
652	485	0
652	633	0
653	340	0
653	583	0
653	617	0
653	644	0
654	481	0
654	591	0
654	606	0
655	643	0
656	362	0
656	436	0
656	525	0
657	344	0
657	468	0
657	471	0
658	369	0
658	429	0
658	456	0
658	515	0
658	657	0
658	948	0
660	344	0
660	438	0
660	465	0
660	562	0
661	504	0
662	341	0
662	409	0
662	551	0
662	594	0
662	664	0
663	388	0
663	528	0
663	594	0
664	340	0
664	499	0
664	586	0
664	615	0
664	636	0
666	96	0
666	670	0
666	729	0
666	878	0
666	898	0
667	726	0
667	995	0
668	963	0
669	805	0
669	834	0
669	881	0
669	884	0
670	794	0
670	950	0
670	976	0
670	996	0
671	312	0
671	833	0
671	925	0
671	981	0
672	883	0
672	896	0
672	939	0
673	809	0
674	760	0
674	853	0
674	870	0
674	908	0
674	993	0
675	118	0
675	726	0
675	747	0
675	763	0
675	835	0
675	906	0
675	984	0
676	674	0
676	712	0
677	703	0
677	704	0
677	766	0
677	908	0
677	970	0
677	984	0
678	529	0
678	725	0
678	757	0
678	846	0
678	853	0
678	915	0
679	355	0
679	666	0
679	783	0
679	860	0
679	909	0
680	791	0
680	841	0
680	887	0
680	930	0
680	969	0
680	975	0
681	936	0
681	945	0
681	973	0
682	0	0
682	88	0
682	754	0
682	988	0
683	795	0
683	804	0
683	845	0
683	866	0
683	870	0
683	970	0
684	818	0
684	930	0
684	966	0
685	28	0
685	732	0
685	770	0
685	823	0
685	870	0
685	964	0
686	702	0
686	706	0
686	775	0
686	778	0
686	905	0
686	992	0
687	810	0
687	863	0
687	941	0
688	704	0
688	782	0
688	821	0
688	832	0
689	734	0
689	801	0
689	977	0
690	418	0
690	838	0
690	889	0
690	919	0
691	896	0
692	666	0
692	763	0
692	840	0
692	871	0
692	886	0
692	913	0
692	928	0
692	954	0
693	840	0
693	948	0
694	39	0
694	779	0
694	804	0
694	829	0
695	93	0
695	669	0
695	710	0
695	787	0
695	803	0
695	897	0
695	924	0
695	952	0
696	397	0
696	760	0
697	831	0
697	838	0
697	868	0
698	852	0
698	944	0
699	733	0
699	798	0
699	987	0
700	869	0
700	910	0
701	735	0
701	976	0
702	677	0
702	763	0
702	855	0
702	986	0
703	616	0
703	683	0
703	717	0
703	801	0
703	808	0
703	846	0
703	861	0
703	868	0
703	888	0
703	892	0
704	896	0
705	890	0
706	717	0
706	762	0
706	770	0
706	826	0
706	877	0
706	900	0
706	934	0
707	729	0
707	771	0
708	675	0
708	785	0
708	843	0
708	916	0
708	923	0
708	942	0
709	748	0
709	787	0
709	938	0
710	689	0
710	871	0
711	957	0
712	724	0
712	794	0
712	847	0
712	896	0
713	816	0
713	833	0
714	693	0
714	866	0
715	236	0
715	689	0
715	808	0
715	838	0
716	760	0
716	835	0
716	980	0
717	353	0
717	790	0
718	52	0
718	634	0
718	667	0
718	669	0
718	679	0
718	685	0
718	880	0
719	35	0
719	768	0
719	784	0
719	953	0
720	776	0
720	923	0
720	924	0
721	722	0
721	880	0
722	280	0
722	696	0
722	713	0
722	806	0
723	122	0
723	771	0
724	244	0
724	492	0
724	802	0
724	817	0
724	957	0
725	897	0
725	901	0
725	944	0
726	788	0
727	160	0
727	964	0
728	716	0
728	858	0
729	776	0
729	846	0
729	887	0
729	929	0
729	953	0
729	992	0
729	993	0
730	395	0
730	702	0
730	715	0
730	725	0
730	736	0
730	784	0
730	870	0
730	872	0
730	888	0
731	771	0
731	845	0
732	108	0
732	114	0
732	688	0
733	805	0
733	820	0
733	863	0
734	629	0
734	808	0
734	839	0
734	840	0
734	889	0
734	906	0
734	958	0
735	764	0
735	785	0
735	788	0
736	725	0
736	745	0
736	749	0
736	771	0
736	835	0
736	884	0
736	890	0
737	305	0
737	816	0
737	852	0
739	178	0
739	764	0
739	867	0
740	718	0
740	837	0
740	910	0
740	919	0
740	950	0
741	592	0
741	689	0
741	717	0
741	833	0
741	905	0
741	955	0
742	668	0
743	855	0
743	884	0
744	777	0
744	816	0
744	975	0
745	676	0
745	783	0
745	977	0
745	985	0
746	580	0
746	704	0
746	723	0
746	831	0
746	836	0
746	907	0
746	932	0
746	961	0
747	726	0
747	775	0
748	823	0
749	801	0
749	959	0
749	967	0
750	704	0
750	819	0
750	846	0
750	909	0
750	939	0
751	793	0
751	890	0
751	948	0
752	692	0
752	722	0
752	796	0
752	923	0
752	995	0
753	21	0
753	520	0
753	716	0
753	738	0
753	757	0
753	826	0
754	920	0
754	974	0
755	680	0
755	889	0
755	907	0
756	723	0
756	789	0
756	971	0
757	294	0
757	718	0
757	749	0
757	866	0
757	948	0
758	909	0
759	814	0
759	976	0
760	856	0
760	963	0
761	676	0
761	816	0
761	954	0
762	675	0
762	881	0
762	942	0
762	952	0
763	816	0
764	735	0
764	737	0
764	806	0
764	934	0
765	686	0
765	708	0
765	925	0
765	951	0
766	814	0
766	817	0
767	686	0
768	368	0
768	670	0
768	803	0
768	878	0
768	896	0
769	657	0
769	806	0
769	883	0
770	415	0
770	767	0
770	806	0
770	884	0
771	765	0
771	802	0
771	906	0
772	722	0
772	856	0
772	866	0
772	914	0
773	267	0
773	398	0
773	671	0
773	757	0
774	685	0
774	726	0
775	814	0
776	909	0
776	987	0
777	266	0
777	727	0
777	760	0
777	971	0
777	983	0
777	988	0
778	748	0
779	889	0
779	922	0
779	961	0
780	678	0
780	702	0
780	708	0
780	762	0
780	765	0
781	528	0
781	744	0
781	789	0
781	847	0
781	884	0
781	975	0
782	545	0
782	681	0
782	843	0
782	936	0
782	960	0
783	724	0
784	198	0
784	884	0
784	894	0
784	905	0
784	925	0
785	523	0
785	743	0
785	783	0
785	798	0
785	870	0
786	679	0
786	700	0
786	701	0
786	959	0
787	666	0
787	699	0
787	838	0
787	987	0
788	698	0
788	726	0
788	758	0
788	850	0
789	687	0
789	762	0
789	841	0
789	977	0
789	979	0
790	371	0
790	704	0
790	732	0
790	810	0
791	673	0
791	714	0
791	836	0
792	418	0
792	691	0
792	704	0
792	914	0
792	916	0
793	668	0
793	876	0
793	880	0
793	932	0
794	873	0
794	874	0
794	886	0
794	902	0
794	952	0
795	707	0
795	730	0
796	186	0
796	811	0
796	849	0
796	860	0
796	907	0
797	132	0
797	683	0
797	695	0
797	698	0
797	773	0
797	840	0
797	884	0
797	923	0
797	972	0
798	556	0
798	685	0
798	691	0
798	756	0
798	847	0
798	919	0
798	944	0
798	959	0
799	770	0
799	996	0
800	675	0
800	766	0
800	839	0
800	844	0
801	711	0
801	873	0
802	675	0
802	744	0
802	789	0
802	796	0
803	681	0
803	759	0
803	769	0
803	814	0
803	823	0
803	856	0
804	842	0
804	918	0
805	720	0
806	722	0
806	817	0
806	836	0
806	973	0
807	228	0
807	721	0
807	859	0
807	963	0
808	308	0
808	825	0
808	834	0
808	983	0
809	708	0
809	757	0
809	783	0
809	787	0
810	433	0
810	781	0
810	817	0
810	921	0
810	974	0
810	975	0
811	656	0
811	686	0
811	770	0
812	294	0
812	921	0
813	690	0
813	778	0
813	794	0
813	853	0
814	688	0
814	728	0
814	755	0
814	902	0
815	151	0
815	689	0
815	790	0
815	846	0
816	705	0
816	729	0
816	761	0
816	781	0
816	892	0
816	950	0
817	688	0
817	792	0
817	815	0
817	839	0
817	877	0
817	906	0
817	948	0
818	256	0
818	714	0
818	728	0
818	780	0
818	790	0
818	877	0
818	969	0
819	703	0
819	821	0
820	445	0
820	764	0
820	845	0
820	874	0
820	915	0
820	964	0
820	968	0
821	725	0
821	823	0
821	955	0
822	724	0
822	793	0
822	953	0
822	958	0
823	711	0
823	928	0
823	934	0
823	973	0
824	561	0
824	781	0
824	901	0
825	171	0
825	273	0
825	772	0
825	794	0
825	804	0
826	801	0
826	888	0
826	981	0
827	481	0
827	810	0
828	680	0
828	779	0
828	793	0
829	27	0
829	735	0
829	792	0
829	856	0
829	887	0
830	672	0
830	737	0
830	750	0
830	797	0
830	877	0
830	914	0
831	745	0
831	801	0
831	906	0
832	724	0
832	855	0
832	917	0
832	926	0
833	953	0
834	914	0
835	677	0
835	719	0
835	739	0
835	779	0
835	940	0
835	986	0
836	821	0
836	969	0
836	994	0
838	802	0
838	918	0
839	558	0
839	689	0
839	705	0
839	707	0
839	754	0
840	717	0
840	721	0
840	749	0
841	659	0
841	690	0
841	878	0
842	692	0
842	711	0
842	794	0
842	868	0
842	922	0
842	990	0
843	388	0
843	724	0
843	832	0
843	839	0
843	871	0
843	881	0
843	922	0
844	684	0
844	766	0
844	842	0
844	929	0
844	944	0
844	950	0
845	766	0
845	822	0
845	899	0
846	700	0
846	762	0
846	764	0
846	805	0
846	918	0
846	956	0
847	786	0
847	831	0
847	840	0
848	60	0
848	697	0
848	701	0
848	939	0
849	685	0
849	776	0
849	840	0
850	435	0
850	932	0
850	953	0
850	976	0
851	710	0
851	796	0
851	806	0
851	808	0
851	974	0
852	677	0
852	784	0
853	746	0
853	881	0
853	902	0
854	751	0
854	924	0
855	708	0
855	843	0
856	645	0
856	829	0
856	860	0
856	890	0
857	16	0
857	698	0
858	749	0
858	892	0
858	903	0
859	742	0
860	704	0
861	290	0
861	931	0
862	678	0
862	799	0
862	932	0
862	960	0
863	846	0
863	851	0
864	430	0
864	850	0
864	861	0
864	939	0
865	784	0
865	818	0
866	244	0
866	770	0
866	831	0
867	683	0
867	793	0
867	795	0
867	938	0
868	744	0
868	762	0
868	817	0
869	184	0
870	753	0
870	848	0
870	908	0
871	703	0
871	722	0
871	803	0
871	830	0
871	841	0
871	876	0
871	953	0
871	983	0
872	713	0
872	744	0
872	788	0
872	796	0
872	820	0
872	830	0
872	935	0
873	775	0
873	846	0
873	969	0
874	728	0
874	828	0
874	841	0
874	883	0
876	842	0
876	980	0
877	201	0
877	699	0
877	739	0
878	400	0
878	796	0
879	641	0
879	674	0
879	772	0
879	801	0
879	843	0
879	851	0
879	886	0
879	994	0
880	726	0
880	957	0
881	828	0
882	4	0
882	667	0
882	670	0
882	722	0
882	758	0
882	768	0
882	819	0
882	860	0
882	885	0
882	918	0
883	685	0
883	773	0
883	781	0
883	801	0
883	848	0
883	957	0
884	771	0
884	992	0
885	685	0
885	729	0
885	820	0
885	964	0
886	677	0
886	705	0
886	749	0
886	772	0
886	873	0
886	953	0
887	722	0
887	826	0
887	849	0
887	891	0
887	940	0
888	260	0
888	684	0
888	762	0
888	815	0
888	826	0
888	838	0
888	867	0
888	972	0
888	980	0
889	130	0
889	816	0
890	724	0
890	782	0
890	926	0
890	940	0
890	943	0
890	993	0
891	283	0
891	751	0
891	851	0
891	905	0
891	920	0
891	983	0
892	678	0
892	729	0
892	797	0
892	936	0
893	271	0
893	394	0
893	866	0
893	955	0
893	982	0
894	717	0
895	707	0
895	850	0
895	858	0
896	923	0
897	788	0
897	987	0
898	713	0
898	740	0
898	741	0
898	843	0
899	740	0
899	877	0
899	974	0
900	825	0
900	914	0
900	949	0
901	224	0
901	718	0
901	748	0
901	870	0
901	890	0
901	920	0
902	346	0
903	691	0
903	743	0
903	755	0
903	870	0
903	985	0
904	960	0
904	986	0
905	738	0
905	830	0
905	846	0
905	921	0
906	169	0
906	812	0
907	149	0
907	759	0
907	933	0
907	990	0
908	826	0
908	905	0
908	975	0
909	908	0
910	758	0
910	820	0
910	855	0
910	925	0
911	700	0
912	617	0
912	698	0
912	738	0
912	751	0
912	823	0
912	825	0
912	954	0
913	693	0
913	715	0
913	783	0
913	854	0
913	879	0
913	896	0
913	939	0
913	960	0
913	989	0
914	761	0
914	815	0
914	947	0
914	953	0
915	710	0
915	840	0
915	868	0
915	902	0
916	723	0
916	729	0
916	959	0
917	773	0
917	842	0
917	864	0
918	326	0
918	711	0
918	781	0
918	839	0
918	875	0
918	882	0
918	937	0
918	979	0
919	727	0
919	750	0
919	774	0
919	784	0
919	792	0
920	719	0
920	730	0
920	763	0
920	900	0
920	969	0
921	683	0
921	900	0
921	934	0
922	679	0
922	881	0
922	939	0
923	873	0
923	881	0
923	884	0
923	919	0
924	719	0
924	790	0
925	684	0
925	721	0
925	729	0
925	741	0
925	826	0
925	937	0
925	990	0
926	933	0
927	667	0
927	695	0
927	720	0
927	730	0
927	862	0
927	919	0
928	716	0
928	840	0
929	754	0
929	764	0
930	705	0
930	711	0
930	720	0
931	687	0
931	861	0
932	704	0
932	847	0
932	889	0
932	957	0
933	570	0
933	680	0
933	887	0
933	943	0
934	315	0
934	674	0
934	720	0
934	732	0
934	803	0
934	869	0
934	986	0
935	824	0
935	942	0
935	968	0
935	974	0
936	748	0
936	919	0
937	704	0
937	778	0
937	820	0
939	202	0
939	675	0
939	773	0
939	848	0
939	977	0
940	743	0
940	755	0
940	950	0
941	855	0
941	859	0
942	420	0
942	754	0
942	906	0
943	786	0
943	796	0
943	859	0
943	882	0
944	818	0
944	874	0
944	881	0
944	979	0
945	703	0
945	779	0
946	694	0
946	781	0
946	875	0
946	908	0
946	924	0
947	731	0
947	744	0
947	838	0
947	865	0
947	872	0
948	411	0
948	750	0
948	797	0
948	965	0
949	719	0
949	787	0
950	773	0
950	835	0
950	945	0
951	647	0
951	686	0
951	692	0
951	828	0
951	903	0
951	956	0
952	712	0
952	837	0
952	946	0
953	295	0
953	791	0
953	896	0
954	748	0
954	921	0
954	962	0
955	694	0
955	709	0
955	730	0
955	810	0
955	927	0
956	199	0
956	683	0
956	742	0
956	754	0
956	756	0
956	769	0
956	810	0
957	222	0
957	869	0
957	946	0
957	966	0
958	794	0
958	854	0
958	867	0
959	726	0
959	955	0
960	724	0
960	740	0
960	906	0
961	679	0
961	684	0
961	709	0
961	737	0
961	778	0
962	212	0
963	727	0
963	819	0
963	972	0
964	56	0
964	675	0
964	806	0
964	851	0
964	873	0
964	888	0
964	911	0
964	947	0
965	752	0
965	828	0
965	838	0
965	964	0
965	991	0
966	719	0
966	768	0
966	955	0
967	726	0
967	796	0
967	833	0
967	965	0
968	187	0
968	686	0
968	771	0
968	804	0
968	823	0
968	847	0
968	985	0
969	666	0
969	842	0
969	862	0
969	895	0
969	996	0
970	494	0
970	680	0
970	683	0
970	684	0
970	960	0
971	711	0
971	734	0
971	854	0
971	948	0
972	452	0
972	837	0
972	878	0
972	934	0
972	937	0
973	707	0
973	792	0
973	911	0
973	972	0
974	161	0
974	740	0
974	751	0
974	762	0
974	813	0
974	841	0
974	869	0
974	960	0
975	667	0
975	833	0
975	842	0
975	862	0
975	890	0
975	930	0
975	994	0
976	688	0
976	691	0
976	699	0
976	799	0
976	911	0
977	877	0
977	932	0
978	683	0
978	728	0
979	678	0
979	720	0
979	949	0
980	910	0
980	924	0
980	943	0
981	669	0
981	700	0
981	747	0
982	796	0
982	851	0
982	895	0
982	910	0
982	946	0
983	691	0
983	701	0
983	703	0
983	802	0
983	993	0
984	677	0
984	686	0
984	729	0
984	847	0
985	738	0
986	559	0
986	686	0
986	720	0
986	738	0
986	809	0
986	846	0
986	886	0
987	692	0
987	736	0
987	760	0
987	827	0
988	69	0
988	704	0
988	891	0
988	916	0
989	784	0
989	803	0
989	817	0
990	166	0
990	947	0
991	918	0
991	940	0
991	980	0
991	986	0
991	993	0
992	569	0
992	751	0
992	767	0
992	777	0
992	857	0
992	895	0
992	955	0
992	966	0
993	770	0
993	773	0
993	829	0
993	937	0
994	913	0
994	963	0
995	707	0
996	275	0
996	734	0
996	948	0
