1103
436	343	0
212	99	0
64	528	0
528	609	0
645	433	0
460	619	0
127	185	0
570	528	0
545	519	0
229	206	0
472	488	0
138	149	0
613	624	0
542	175	0
391	437	0
230	241	0
43	6	0
664	492	0
413	336	0
101	117	0
649	474	0
535	472	0
594	558	0
621	455	0
466	537	0
529	537	0
287	385	0
93	49	0
313	340	0
399	343	0
560	539	0
355	287	0
122	188	0
495	649	0
251	113	0
474	635	0
367	255	0
229	140	0
553	554	0
65	154	0
104	100	0
133	99	0
604	591	0
187	223	0
82	122	0
115	103	0
64	65	0
360	330	0
499	522	0
365	273	0
100	173	0
515	645	0
77	131	0
242	88	0
452	597	0
569	659	0
190	104	0
474	530	0
105	214	0
165	249	0
5	180	0
667	550	0
372	415	0
33	215	0
27	238	0
456	471	0
75	139	0
606	599	0
564	592	0
216	73	0
620	513	0
670	524	0
600	609	0
164	16	0
599	625	0
336	298	0
526	373	0
44	47	0
449	585	0
353	325	0
49	84	0
127	135	0
520	447	0
331	433	0
449	612	0
538	519	0
117	20	0
123	100	0
637	575	0
68	245	0
345	419	0
384	309	0
40	153	0
394	319	0
524	510	0
357	123	0
3	112	0
190	30	0
539	588	0
153	125	0
550	548	0
672	472	0
382	340	0
401	93	0
125	241	0
606	620	0
452	660	0
143	33	0
456	522	0
655	452	0
612	660	0
112	9	0
627	514	0
100	126	0
564	440	0
550	610	0
175	32	0
505	620	0
309	294	0
67	100	0
9	91	0
174	251	0
206	113	0
141	5	0
139	28	0
104	148	0
64	111	0
123	222	0
569	475	0
123	60	0
158	16	0
460	563	0
131	179	0
528	624	0
0	238	0
659	512	0
532	448	0
291	364	0
489	468	0
450	449	0
670	503	0
309	463	0
666	470	0
515	456	0
149	32	0
306	368	0
504	492	0
89	45	0
103	25	0
82	150	0
142	59	0
204	131	0
295	276	0
318	430	0
133	87	0
105	180	0
582	635	0
548	459	0
560	610	0
388	356	0
53	40	0
4	219	0
360	418	0
179	237	0
276	390	0
237	238	0
512	594	0
624	488	0
325	352	0
616	583	0
533	470	0
620	654	0
655	455	0
478	462	0
261	436	0
122	518	0
650	455	0
331	402	0
131	125	0
245	192	0
83	133	0
418	286	0
624	483	0
631	452	0
58	187	0
235	5	0
275	205	0
36	65	0
453	658	0
391	387	0
644	520	0
300	364	0
287	383	0
600	569	0
207	89	0
44	46	0
1	58	0
153	45	0
19	127	0
154	33	0
249	34	0
455	585	0
309	308	0
418	323	0
588	522	0
650	496	0
448	543	0
115	238	0
11	206	0
468	513	0
214	231	0
214	48	0
215	55	0
89	178	0
334	391	0
245	254	0
328	433	0
356	321	0
30	69	0
9	373	0
66	355	0
149	194	0
192	407	0
561	573	0
75	21	0
277	614	0
454	71	0
298	430	0
629	576	0
223	175	0
630	470	0
463	541	0
490	419	0
335	368	0
555	606	0
150	151	0
367	324	0
498	611	0
488	647	0
659	503	0
125	243	0
237	15	0
3	166	0
380	419	0
281	489	0
270	372	0
374	340	0
498	393	0
653	456	0
660	565	0
84	63	0
187	246	0
152	115	0
562	654	0
390	341	0
654	673	0
496	445	0
93	221	0
464	475	0
117	3	0
40	98	0
518	446	0
528	154	0
465	563	0
539	476	0
565	622	0
488	523	0
275	325	0
433	266	0
469	583	0
188	152	0
562	671	0
389	255	0
170	61	0
423	383	0
565	534	0
188	148	0
374	419	0
390	269	0
449	510	0
152	202	0
15	54	0
1	195	0
296	300	0
133	194	0
596	647	0
436	423	0
166	64	0
373	278	0
329	258	0
366	399	0
349	312	0
414	277	0
57	226	0
595	670	0
77	206	0
589	558	0
640	469	0
489	528	0
120	150	0
290	279	0
5	39	0
257	290	0
543	530	0
482	528	0
144	229	0
53	230	0
551	469	0
482	518	0
286	294	0
29	26	0
360	421	0
428	356	0
39	4	0
420	391	0
159	15	0
185	218	0
211	16	0
463	32	0
233	58	0
55	79	0
636	644	0
649	463	0
142	146	0
416	279	0
10	238	0
269	377	0
170	236	0
198	28	0
611	509	0
34	8	0
464	530	0
75	102	0
184	224	0
112	34	0
215	133	0
553	649	0
131	255	0
489	587	0
5	228	0
291	294	0
200	211	0
100	210	0
271	407	0
90	164	0
230	201	0
571	594	0
261	310	0
87	231	0
606	500	0
152	131	0
140	235	0
300	357	0
117	195	0
541	565	0
286	330	0
360	422	0
153	35	0
494	619	0
607	261	0
123	55	0
268	298	0
8	151	0
572	503	0
616	607	0
390	294	0
263	630	0
131	192	0
530	665	0
356	326	0
166	54	0
182	100	0
355	400	0
16	64	0
113	184	0
583	512	0
618	249	0
47	84	0
537	619	0
308	323	0
59	107	0
656	490	0
184	109	0
184	97	0
91	136	0
497	573	0
456	525	0
101	92	0
275	391	0
368	423	0
450	477	0
454	0	0
141	226	0
446	644	0
469	601	0
151	240	0
70	142	0
24	91	0
457	637	0
606	172	0
397	388	0
609	621	0
49	666	0
86	47	0
274	329	0
159	153	0
339	313	0
397	330	0
362	385	0
134	68	0
381	364	0
61	235	0
123	16	0
197	63	0
524	486	0
221	240	0
214	15	0
659	126	0
140	238	0
618	663	0
142	171	0
619	533	0
506	452	0
604	659	0
571	498	0
375	428	0
406	388	0
276	323	0
59	24	0
290	303	0
479	459	0
230	62	0
340	290	0
600	620	0
363	268	0
626	489	0
654	565	0
459	490	0
195	511	0
46	170	0
55	77	0
405	277	0
502	470	0
554	658	0
229	242	0
452	532	0
397	449	0
466	665	0
273	322	0
624	634	0
172	297	0
101	207	0
245	215	0
32	142	0
300	269	0
648	621	0
619	521	0
400	358	0
337	469	0
479	563	0
585	567	0
61	51	0
52	402	0
469	455	0
256	258	0
625	631	0
138	47	0
493	582	0
168	100	0
332	449	0
230	209	0
314	345	0
282	383	0
658	614	0
32	157	0
1	192	0
36	216	0
255	316	0
2	245	0
261	89	0
611	631	0
673	642	0
452	628	0
160	249	0
226	163	0
530	563	0
208	52	0
659	494	0
229	68	0
97	46	0
153	249	0
522	547	0
1	133	0
282	360	0
85	447	0
58	37	0
452	564	0
391	260	0
670	652	0
251	54	0
154	81	0
364	307	0
297	308	0
185	104	0
383	410	0
226	191	0
405	365	0
100	250	0
418	255	0
43	245	0
644	640	0
58	210	0
593	539	0
554	476	0
414	345	0
430	404	0
104	229	0
248	173	0
447	239	0
486	125	0
298	285	0
368	425	0
619	502	0
14	195	0
584	142	0
322	187	0
535	489	0
360	359	0
198	12	0
131	487	0
364	385	0
288	323	0
653	664	0
344	322	0
35	234	0
113	37	0
264	323	0
455	541	0
164	193	0
627	505	0
298	378	0
215	6	0
597	636	0
322	332	0
91	129	0
446	673	0
267	383	0
656	642	0
236	64	0
181	241	0
84	68	0
140	219	0
585	612	0
451	470	0
658	533	0
290	166	0
632	659	0
352	365	0
12	185	0
368	379	0
222	137	0
591	466	0
256	624	0
370	389	0
321	153	0
597	568	0
187	34	0
36	128	0
586	469	0
188	252	0
391	431	0
542	483	0
509	547	0
142	121	0
580	528	0
35	658	0
30	92	0
320	391	0
164	195	0
456	670	0
97	47	0
504	508	0
340	96	0
543	473	0
301	295	0
15	327	0
559	597	0
58	502	0
670	388	0
62	138	0
232	164	0
172	7	0
329	124	0
176	58	0
313	456	0
61	74	0
432	301	0
455	655	0
435	416	0
225	16	0
186	27	0
616	475	0
469	539	0
432	419	0
526	453	0
365	390	0
517	456	0
670	574	0
287	316	0
68	13	0
474	500	0
306	294	0
267	327	0
465	560	0
619	528	0
15	119	0
290	404	0
58	112	0
45	60	0
54	164	0
426	300	0
670	649	0
488	597	0
666	600	0
259	430	0
645	456	0
565	668	0
333	667	0
16	203	0
279	298	0
405	128	0
276	380	0
77	28	0
565	476	0
346	432	0
524	656	0
68	111	0
329	486	0
370	383	0
77	21	0
64	46	0
192	116	0
641	563	0
639	594	0
518	592	0
277	310	0
60	1	0
239	158	0
110	472	0
669	636	0
482	28	0
385	343	0
437	258	0
561	625	0
591	493	0
370	283	0
134	131	0
475	586	0
4	73	0
150	34	0
82	9	0
376	295	0
298	401	0
559	21	0
202	121	0
267	290	0
329	317	0
113	165	0
620	605	0
662	455	0
426	437	0
33	192	0
343	198	0
471	481	0
563	618	0
34	248	0
11	114	0
345	284	0
437	395	0
31	243	0
222	10	0
620	482	0
128	177	0
348	580	0
659	546	0
322	373	0
656	572	0
47	176	0
652	649	0
11	112	0
232	33	0
391	407	0
410	443	0
374	293	0
311	345	0
528	595	0
669	618	0
600	218	0
5	146	0
593	449	0
229	100	0
670	517	0
650	505	0
396	328	0
498	470	0
546	460	0
106	135	0
453	633	0
210	46	0
273	259	0
590	565	0
489	485	0
505	659	0
122	244	0
302	658	0
455	566	0
637	573	0
355	425	0
467	613	0
631	597	0
530	466	0
32	140	0
451	469	0
156	109	0
623	619	0
369	370	0
636	506	0
137	64	0
345	294	0
109	142	0
434	116	0
249	430	0
330	432	0
276	383	0
161	47	0
538	673	0
457	578	0
179	228	0
643	482	0
430	429	0
244	179	0
47	220	0
602	481	0
658	472	0
243	147	0
300	582	0
189	156	0
500	554	0
579	576	0
18	73	0
620	489	0
26	129	0
550	533	0
156	73	0
547	607	0
504	17	0
247	34	0
203	44	0
372	416	0
566	604	0
489	491	0
16	63	0
336	383	0
633	500	0
559	533	0
232	55	0
313	419	0
298	300	0
57	161	0
164	50	0
371	372	0
205	474	0
11	184	0
4	180	0
565	583	0
227	131	0
78	470	0
116	175	0
58	240	0
314	470	0
189	43	0
127	120	0
475	459	0
48	18	0
227	238	0
15	38	0
222	244	0
229	78	0
327	287	0
98	224	0
104	40	0
88	148	0
582	535	0
621	605	0
343	298	0
449	571	0
260	646	0
336	313	0
22	15	0
619	486	0
319	206	0
15	123	0
473	638	0
151	63	0
104	109	0
277	339	0
567	465	0
16	83	0
15	131	0
142	7	0
293	348	0
196	153	0
518	275	0
537	380	0
526	633	0
359	421	0
345	315	0
177	181	0
184	245	0
600	503	0
235	153	0
290	305	0
37	149	0
193	97	0
433	273	0
438	273	0
87	42	0
151	41	0
659	584	0
164	120	0
458	470	0
412	363	0
659	564	0
40	223	0
455	535	0
585	504	0
391	398	0
87	273	0
322	433	0
498	630	0
673	211	0
520	295	0
613	573	0
304	430	0
670	603	0
504	358	0
81	186	0
241	59	0
468	451	0
427	16	0
479	183	0
465	583	0
52	68	0
601	633	0
93	206	0
617	565	0
370	417	0
355	317	0
437	430	0
633	619	0
543	527	0
93	40	0
156	162	0
276	424	0
537	639	0
298	272	0
641	580	0
446	534	0
629	457	0
452	654	0
528	602	0
442	298	0
89	100	0
34	53	0
432	411	0
547	487	0
443	363	0
206	137	0
313	441	0
656	476	0
392	367	0
432	408	0
673	490	0
430	267	0
40	134	0
605	556	0
565	461	0
287	342	0
133	77	0
58	383	0
437	413	0
495	459	0
423	411	0
197	48	0
291	410	0
576	629	0
432	381	0
425	421	0
289	320	0
636	497	0
37	163	0
133	127	0
133	5	0
185	300	0
166	29	0
425	262	0
457	544	0
15	13	0
403	284	0
370	285	0
392	563	0
489	585	0
626	619	0
134	142	0
321	320	0
638	505	0
76	224	0
489	479	0
8	242	0
103	5	0
605	643	0
74	9	0
142	65	0
84	73	0
276	257	0
100	116	0
151	199	0
319	287	0
176	163	0
444	258	0
290	299	0
597	600	0
370	409	0
516	550	0
442	444	0
181	142	0
557	539	0
243	187	0
532	562	0
498	484	0
501	539	0
151	56	0
504	557	0
232	61	0
166	100	0
18	239	0
156	122	0
130	63	0
563	540	0
376	273	0
296	372	0
556	133	0
287	389	0
367	263	0
478	581	0
156	79	0
498	562	0
81	212	0
579	313	0
61	225	0
77	16	0
488	670	0
459	661	0
238	253	0
0	34	0
314	381	0
290	357	0
370	354	0
368	620	0
243	70	0
599	636	0
55	340	0
667	528	0
605	615	0
489	293	0
198	221	0
156	34	0
147	113	0
265	372	0
178	243	0
151	128	0
658	657	0
265	364	0
131	519	0
54	51	0
140	166	0
22	81	0
126	47	0
558	452	0
184	197	0
606	585	0
1	141	0
185	33	0
547	458	0
647	532	0
311	295	0
432	338	0
215	189	0
61	123	0
191	18	0
375	350	0
121	113	0
351	273	0
608	506	0
202	107	0
37	23	0
575	496	0
99	201	0
532	478	0
96	219	0
169	100	0
156	108	0
216	142	0
77	212	0
249	58	0
453	640	0
130	164	0
537	507	0
265	430	0
61	175	0
199	548	0
562	553	0
128	224	0
36	112	0
238	26	0
37	80	0
392	371	0
223	5	0
74	369	0
459	539	0
236	576	0
277	552	0
516	547	0
431	413	0
273	443	0
33	156	0
226	15	0
113	215	0
37	176	0
28	127	0
366	437	0
44	164	0
298	292	0
238	145	0
432	95	0
295	331	0
64	148	0
389	401	0
547	506	0
174	72	0
263	418	0
311	258	0
504	480	0
498	560	0
372	347	0
217	16	0
506	611	0
37	152	0
47	162	0
116	232	0
278	389	0
320	401	0
205	49	0
298	442	0
592	536	0
164	94	0
258	375	0
60	57	0
67	83	0
16	221	0
498	651	0
471	605	0
47	213	0
591	155	0
481	531	0
506	598	0
380	673	0
372	386	0
81	159	0
372	388	0
210	5	0
164	549	0
16	181	0
488	627	0
583	550	0
420	370	0
277	439	0
189	118	0
296	298	0
430	622	0
258	280	0
34	65	0
153	132	0
468	573	0
370	577	0
531	277	0
210	229	0
519	517	0
389	361	0
638	305	0
60	167	0
178	27	0
471	519	0
