0	0	1
2	0	1
4	0	1
5	0	1
6	0
9	1
10	0	1
11	0	1
12	0
13	0	1
15	0	1
16	0	1
17	0
18	0
19	0
21	1
22	0	1
23	0
25	1
26	0
27	0
28	0	1
31	0
32	1
34	0
35	0	1
38	1
39	0
40	1
42	0	1
45	0	1
47	0
48	0	1
50	0
51	0	1
52	1
53	0	1
54	0	1
55	1
56	1
58	0	1
61	1
62	0	1
65	0	1
66	0
68	1
69	0	1
70	1
72	0
74	1
76	0	1
77	0	1
78	1
79	1
80	0	1
81	0	1
82	0	1
83	1
85	0	1
87	0	1
88	1
89	0
90	1
91	0	1
95	0	1
96	0
97	0	1
98	1
101	0
103	0
104	0	1
105	1
107	0	1
108	0
109	0
112	0	1
114	1
115	1
116	1
118	1
119	0	1
120	1
121	0
122	1
123	0	1
126	0
127	1
128	1
130	0
131	0
132	1
134	0	1
136	0	1
137	1
138	0	1
139	0
141	0	1
143	0
145	0
146	0	1
147	0	1
148	0	1
152	0
153	0	1
155	0	1
157	0
159	0	1
160	0	1
161	0	1
164	0
165	0
166	0	1
167	0
169	0
170	1
171	0
172	0
173	1
174	0
175	1
176	0
177	0
178	0	1
179	1
180	0
181	0
182	0
183	1
185	0
186	0	1
187	1
188	0	1
189	0
191	0	1
192	0	1
194	0	1
196	1
198	1
200	1
201	0
206	0	1
207	0
210	0
212	1
214	1
215	0	1
216	1
217	0	1
219	1
220	0
224	0
225	1
228	0	1
229	1
230	1
231	0	1
232	0	1
233	1
234	0	1
235	1
238	1
239	0
241	0	1
242	1
244	1
245	0	1
246	0	1
249	1
251	1
252	0	1
253	1
254	0
256	1
257	0
259	0
260	0
261	0	1
262	0
263	0
266	1
267	0
269	0
270	0	1
271	0
274	1
275	0	1
276	0	1
277	0
278	1
280	0
281	0	1
282	0	1
283	0	1
284	1
287	0
291	0	1
293	0	1
294	0
297	0	1
298	0
299	0
300	0
302	1
303	0	1
304	0
306	0	1
307	0
308	1
309	1
310	0	1
311	0
315	0
316	0
318	0
320	0
322	1
323	0	1
325	0
326	0
329	0
331	0
332	0	1
333	0	1
334	1
335	0	1
339	0	1
341	0
343	0
344	0
346	0	1
347	1
349	0	1
350	0
352	0	1
353	1
354	0	1
355	0	1
356	0
358	0
360	0	1
361	0
362	0
363	0	1
364	1
369	0
372	0
373	0	1
374	0
375	0
376	1
378	0	1
379	0	1
380	0
381	0	1
383	0	1
384	0	1
385	0	1
388	1
389	1
394	0
400	0
401	0
405	0	1
407	0	1
409	0
412	0
413	0	1
416	0	1
418	0	1
419	0
420	0	1
421	0	1
422	0	1
426	1
428	0
429	0	1
431	0	1
433	1
434	0	1
435	1
436	0	1
437	0	1
438	1
442	0
445	0
448	0	1
449	0	1
452	0	1
453	0	1
454	0
456	1
457	0	1
459	0
460	0	1
463	0	1
464	1
467	0	1
469	0	1
470	0
471	0	1
472	0
476	0	1
478	0
479	0
482	0	1
483	0
485	0	1
486	0
487	0
489	0	1
492	1
493	0	1
495	1
496	0	1
497	0
498	0
500	0
503	1
505	0	1
506	0	1
511	0
514	0
515	0	1
516	0
517	0
519	0	1
521	0	1
522	1
523	1
527	0
529	1
530	0	1
531	0
536	0	1
539	0	1
543	0
545	0	1
546	1
548	0
549	1
553	1
556	1
558	1
562	0	1
564	0
565	0	1
567	0	1
568	0
569	0	1
570	0
574	0	1
579	0
581	0	1
582	0
584	0	1
585	0	1
586	0	1
590	0	1
592	0
593	0
594	0
595	0	1
596	0	1
599	0
600	1
601	0	1
602	0	1
604	0
605	0
607	0
610	0	1
612	1
614	1
615	0	1
616	0
618	0
619	0
620	0	1
621	0
622	0
624	0
625	0	1
626	0	1
627	0	1
629	0
630	0	1
631	1
632	1
633	0	1
638	0
640	0
641	0	1
642	1
643	0
646	1
648	0	1
649	0
650	0	1
651	0	1
652	0
653	1
654	0
657	0	1
658	0
659	0	1
663	0
664	1
665	1
667	0	1
672	0
673	1
675	1
676	1
678	1
681	0
682	0
683	0
685	0
689	1
691	0	1
692	0	1
693	1
694	1
695	0	1
696	0	1
699	0
700	1
701	0	1
702	1
703	0
704	0	1
706	1
707	0
708	0	1
709	1
710	1
711	0	1
712	0	1
713	0	1
714	0
715	0	1
716	0	1
724	1
725	1
726	0
727	0	1
728	0	1
729	0
730	1
733	1
735	0	1
738	0
741	0	1
742	0	1
743	1
744	1
745	1
747	1
748	0
749	0	1
750	0	1
751	1
752	0
753	1
755	0	1
758	0	1
760	1
762	0	1
764	0	1
765	0	1
766	1
767	1
769	0	1
770	0
771	1
773	0
774	0	1
777	1
778	0	1
779	1
780	1
781	0
782	0
784	0	1
785	0	1
786	1
787	0	1
788	0
790	1
794	0
795	0
796	0
799	1
801	1
802	0	1
803	0	1
805	0	1
807	0
808	0
809	0
813	1
815	0
818	1
819	0	1
820	0	1
821	1
822	1
823	0
824	1
825	0	1
826	1
827	0
830	1
831	1
832	1
833	0	1
834	1
837	0	1
838	0
840	0
841	1
842	0	1
843	0	1
847	1
850	1
851	1
852	0	1
853	0	1
855	0	1
856	0	1
857	1
858	0	1
860	0
861	0
866	1
868	1
869	0
870	0	1
871	0	1
872	0	1
873	0	1
874	0	1
875	0	1
878	0
879	1
881	0	1
882	0	1
883	0	1
885	1
886	0	1
887	1
888	1
889	0
892	1
894	0
898	1
899	0
900	0
901	0	1
903	1
904	0
905	1
906	0	1
907	0	1
908	0	1
909	1
910	0	1
913	0	1
916	1
917	0	1
918	1
920	0	1
922	0
923	0
924	0
925	1
926	1
927	0	1
931	1
932	1
934	0	1
935	0
936	0	1
938	0	1
942	0
943	0
945	1
946	0	1
950	1
951	0
952	0
953	1
954	1
955	0
956	0	1
957	0	1
958	1
959	0	1
962	0	1
963	0	1
966	0	1
968	0
969	1
970	0	1
971	0
974	0	1
977	0	1
978	1
979	1
980	0
984	1
988	0	1
989	0	1
990	1
991	1
992	1
993	0	1
994	0
995	1
996	0
997	1
998	1
