0	1	2
1	1
2	1	2
3	1
4	1	2
5	1	2
6	2
7	1
10	1	2
11	1	2
12	2
13	1	2
14	1
15	1	2
16	1	2
17	2
18	2
19	2
22	1	2
23	2
24	1
26	2
27	2
28	1	2
29	1
30	1
31	2
34	2
35	1	2
39	2
42	1	2
45	1	2
47	2
48	1	2
50	2
51	1	2
53	1	2
54	1	2
58	1	2
62	1	2
63	1
65	1	2
66	2
67	1
69	1	2
71	1
72	2
76	1	2
77	1	2
80	1	2
81	1	2
82	1	2
85	1	2
86	1
87	1	2
89	2
91	1	2
92	1
93	1
95	1	2
96	2
97	1	2
99	1
101	2
103	2
104	1	2
106	1
107	1	2
108	2
109	2
112	1	2
113	1
119	1	2
121	2
123	1	2
125	1
126	2
130	2
131	2
134	1	2
135	1
136	1	2
138	1	2
139	2
140	1
141	1	2
142	1
143	2
145	2
146	1	2
147	1	2
148	1	2
151	1
152	2
153	1	2
154	1
155	1	2
156	1
157	2
158	1
159	1	2
160	1	2
161	1	2
162	1
163	1
164	2
165	2
166	1	2
167	2
169	2
171	2
172	2
174	2
176	2
177	2
178	1	2
180	2
181	2
182	2
184	1
185	2
186	1	2
188	1	2
189	2
190	1
191	1	2
192	1	2
194	1	2
199	1
201	2
204	1
206	1	2
207	2
208	1
210	2
215	1	2
217	1	2
220	2
224	2
227	1
228	1	2
231	1	2
232	1	2
234	1	2
237	1
239	2
241	1	2
245	1	2
246	1	2
250	1
252	1	2
254	2
255	1
257	2
258	1
259	2
260	2
261	1	2
262	2
263	2
265	1
267	2
268	1
269	2
270	1	2
271	2
273	1
275	1	2
276	1	2
277	2
280	2
281	1	2
282	1	2
283	1	2
285	1
287	2
288	1
289	1
291	1	2
293	1	2
294	2
295	1
297	1	2
298	2
299	2
300	2
303	1	2
304	2
305	1
306	1	2
307	2
310	1	2
311	2
312	1
313	1
314	1
315	2
316	2
317	1
318	2
319	1
320	2
321	1
323	1	2
325	2
326	2
327	1
329	2
331	2
332	1	2
333	1	2
335	1	2
336	1
338	1
339	1	2
341	2
342	1
343	2
344	2
345	1
346	1	2
348	1
349	1	2
350	2
351	1
352	1	2
354	1	2
355	1	2
356	2
357	1
358	2
359	1
360	1	2
361	2
362	2
363	1	2
368	1
369	2
371	1
372	2
373	1	2
374	2
375	2
377	1
378	1	2
379	1	2
380	2
381	1	2
382	1
383	1	2
384	1	2
385	1	2
386	1
392	1
394	2
396	1
397	1
398	1
399	1
400	2
401	2
403	1
405	1	2
406	1
407	1	2
409	2
411	1
412	2
413	1	2
416	1	2
417	1
418	1	2
419	2
420	1	2
421	1	2
422	1	2
424	1
425	1
428	2
429	1	2
431	1	2
434	1	2
436	1	2
437	1	2
439	1
441	1
442	2
445	2
446	1
448	1	2
449	1	2
451	1
452	1	2
453	1	2
454	2
455	1
457	1	2
459	2
460	1	2
461	1
463	1	2
465	1
467	1	2
469	1	2
470	2
471	1	2
472	2
474	1
475	1
476	1	2
477	1
478	2
479	2
480	1
481	1
482	1	2
483	2
484	1
485	1	2
486	2
487	2
489	1	2
490	1
491	1
493	1	2
494	1
496	1	2
497	2
498	2
499	1
500	2
501	1
502	1
504	1
505	1	2
506	1	2
507	1
509	1
511	2
512	1
513	1
514	2
515	1	2
516	2
517	2
519	1	2
520	1
521	1	2
525	1
527	2
528	1
530	1	2
531	2
532	1
535	1
536	1	2
537	1
538	1
539	1	2
540	1
543	2
545	1	2
547	1
548	2
550	1
552	1
554	1
562	1	2
564	2
565	1	2
567	1	2
568	2
569	1	2
570	2
571	1
573	1
574	1	2
575	1
579	2
580	1
581	1	2
582	2
583	1
584	1	2
585	1	2
586	1	2
590	1	2
592	2
593	2
594	2
595	1	2
596	1	2
597	1
599	2
601	1	2
602	1	2
603	1
604	2
605	2
606	1
607	2
610	1	2
611	1
613	1
615	1	2
616	2
618	2
619	2
620	1	2
621	2
622	2
624	2
625	1	2
626	1	2
627	1	2
629	2
630	1	2
633	1	2
634	1
635	1
636	1
638	2
639	1
640	2
641	1	2
643	2
644	1
648	1	2
649	2
650	1	2
651	1	2
652	2
654	2
657	1	2
658	2
659	1	2
660	1
663	2
667	1	2
669	1
670	1
671	1
672	2
680	1
681	2
682	2
683	2
685	2
688	1
691	1	2
692	1	2
695	1	2
696	1	2
698	1
699	2
701	1	2
703	2
704	1	2
707	2
708	1	2
711	1	2
712	1	2
713	1	2
714	2
715	1	2
716	1	2
717	1
718	1
720	1
722	1
723	1
726	2
727	1	2
728	1	2
729	2
734	1
735	1	2
737	1
738	2
739	1
741	1	2
742	1	2
748	2
749	1	2
750	1	2
752	2
755	1	2
757	1
758	1	2
759	1
761	1
762	1	2
763	1
764	1	2
765	1	2
769	1	2
770	2
773	2
774	1	2
778	1	2
781	2
782	2
784	1	2
785	1	2
787	1	2
788	2
789	1
791	1
793	1
794	2
795	2
796	2
800	1
802	1	2
803	1	2
805	1	2
806	1
807	2
808	2
809	2
812	1
815	2
817	1
819	1	2
820	1	2
823	2
825	1	2
827	2
828	1
833	1	2
836	1
837	1	2
838	2
840	2
842	1	2
843	1	2
848	1
852	1	2
853	1	2
855	1	2
856	1	2
858	1	2
859	1
860	2
861	2
862	1
863	1
864	1
865	1
869	2
870	1	2
871	1	2
872	1	2
873	1	2
874	1	2
875	1	2
876	1
878	2
880	1
881	1	2
882	1	2
883	1	2
886	1	2
889	2
894	2
899	2
900	2
901	1	2
904	2
906	1	2
907	1	2
908	1	2
910	1	2
911	1
913	1	2
917	1	2
920	1	2
922	2
923	2
924	2
927	1	2
929	1
930	1
933	1
934	1	2
935	2
936	1	2
937	1
938	1	2
942	2
943	2
946	1	2
949	1
951	2
952	2
955	2
956	1	2
957	1	2
959	1	2
962	1	2
963	1	2
965	1
966	1	2
968	2
970	1	2
971	2
974	1	2
977	1	2
980	2
981	1
982	1
988	1	2
989	1	2
993	1	2
994	2
996	2
