0	0	2
1	0
2	0	2
3	0
4	0	2
5	0	2
7	0
9	2
10	0	2
11	0	2
13	0	2
14	0
15	0	2
16	0	2
21	2
22	0	2
24	0
25	2
28	0	2
29	0
30	0
32	2
35	0	2
38	2
40	2
42	0	2
45	0	2
48	0	2
51	0	2
52	2
53	0	2
54	0	2
55	2
56	2
58	0	2
61	2
62	0	2
63	0
65	0	2
67	0
68	2
69	0	2
70	2
71	0
74	2
76	0	2
77	0	2
78	2
79	2
80	0	2
81	0	2
82	0	2
83	2
85	0	2
86	0
87	0	2
88	2
90	2
91	0	2
92	0
93	0
95	0	2
97	0	2
98	2
99	0
104	0	2
105	2
106	0
107	0	2
112	0	2
113	0
114	2
115	2
116	2
118	2
119	0	2
120	2
122	2
123	0	2
125	0
127	2
128	2
132	2
134	0	2
135	0
136	0	2
137	2
138	0	2
140	0
141	0	2
142	0
146	0	2
147	0	2
148	0	2
151	0
153	0	2
154	0
155	0	2
156	0
158	0
159	0	2
160	0	2
161	0	2
162	0
163	0
166	0	2
170	2
173	2
175	2
178	0	2
179	2
183	2
184	0
186	0	2
187	2
188	0	2
190	0
191	0	2
192	0	2
194	0	2
196	2
198	2
199	0
200	2
204	0
206	0	2
208	0
212	2
214	2
215	0	2
216	2
217	0	2
219	2
225	2
227	0
228	0	2
229	2
230	2
231	0	2
232	0	2
233	2
234	0	2
235	2
237	0
238	2
241	0	2
242	2
244	2
245	0	2
246	0	2
249	2
250	0
251	2
252	0	2
253	2
255	0
256	2
258	0
261	0	2
265	0
266	2
268	0
270	0	2
273	0
274	2
275	0	2
276	0	2
278	2
281	0	2
282	0	2
283	0	2
284	2
285	0
288	0
289	0
291	0	2
293	0	2
295	0
297	0	2
302	2
303	0	2
305	0
306	0	2
308	2
309	2
310	0	2
312	0
313	0
314	0
317	0
319	0
321	0
322	2
323	0	2
327	0
332	0	2
333	0	2
334	2
335	0	2
336	0
338	0
339	0	2
342	0
345	0
346	0	2
347	2
348	0
349	0	2
351	0
352	0	2
353	2
354	0	2
355	0	2
357	0
359	0
360	0	2
363	0	2
364	2
368	0
371	0
373	0	2
376	2
377	0
378	0	2
379	0	2
381	0	2
382	0
383	0	2
384	0	2
385	0	2
386	0
388	2
389	2
392	0
396	0
397	0
398	0
399	0
403	0
405	0	2
406	0
407	0	2
411	0
413	0	2
416	0	2
417	0
418	0	2
420	0	2
421	0	2
422	0	2
424	0
425	0
426	2
429	0	2
431	0	2
433	2
434	0	2
435	2
436	0	2
437	0	2
438	2
439	0
441	0
446	0
448	0	2
449	0	2
451	0
452	0	2
453	0	2
455	0
456	2
457	0	2
460	0	2
461	0
463	0	2
464	2
465	0
467	0	2
469	0	2
471	0	2
474	0
475	0
476	0	2
477	0
480	0
481	0
482	0	2
484	0
485	0	2
489	0	2
490	0
491	0
492	2
493	0	2
494	0
495	2
496	0	2
499	0
501	0
502	0
503	2
504	0
505	0	2
506	0	2
507	0
509	0
512	0
513	0
515	0	2
519	0	2
520	0
521	0	2
522	2
523	2
525	0
528	0
529	2
530	0	2
532	0
535	0
536	0	2
537	0
538	0
539	0	2
540	0
545	0	2
546	2
547	0
549	2
550	0
552	0
553	2
554	0
556	2
558	2
562	0	2
565	0	2
567	0	2
569	0	2
571	0
573	0
574	0	2
575	0
580	0
581	0	2
583	0
584	0	2
585	0	2
586	0	2
590	0	2
595	0	2
596	0	2
597	0
600	2
601	0	2
602	0	2
603	0
606	0
610	0	2
611	0
612	2
613	0
614	2
615	0	2
620	0	2
625	0	2
626	0	2
627	0	2
630	0	2
631	2
632	2
633	0	2
634	0
635	0
636	0
639	0
641	0	2
642	2
644	0
646	2
648	0	2
650	0	2
651	0	2
653	2
657	0	2
659	0	2
660	0
664	2
665	2
667	0	2
669	0
670	0
671	0
673	2
675	2
676	2
678	2
680	0
688	0
689	2
691	0	2
692	0	2
693	2
694	2
695	0	2
696	0	2
698	0
700	2
701	0	2
702	2
704	0	2
706	2
708	0	2
709	2
710	2
711	0	2
712	0	2
713	0	2
715	0	2
716	0	2
717	0
718	0
720	0
722	0
723	0
724	2
725	2
727	0	2
728	0	2
730	2
733	2
734	0
735	0	2
737	0
739	0
741	0	2
742	0	2
743	2
744	2
745	2
747	2
749	0	2
750	0	2
751	2
753	2
755	0	2
757	0
758	0	2
759	0
760	2
761	0
762	0	2
763	0
764	0	2
765	0	2
766	2
767	2
769	0	2
771	2
774	0	2
777	2
778	0	2
779	2
780	2
784	0	2
785	0	2
786	2
787	0	2
789	0
790	2
791	0
793	0
799	2
800	0
801	2
802	0	2
803	0	2
805	0	2
806	0
812	0
813	2
817	0
818	2
819	0	2
820	0	2
821	2
822	2
824	2
825	0	2
826	2
828	0
830	2
831	2
832	2
833	0	2
834	2
836	0
837	0	2
841	2
842	0	2
843	0	2
847	2
848	0
850	2
851	2
852	0	2
853	0	2
855	0	2
856	0	2
857	2
858	0	2
859	0
862	0
863	0
864	0
865	0
866	2
868	2
870	0	2
871	0	2
872	0	2
873	0	2
874	0	2
875	0	2
876	0
879	2
880	0
881	0	2
882	0	2
883	0	2
885	2
886	0	2
887	2
888	2
892	2
898	2
901	0	2
903	2
905	2
906	0	2
907	0	2
908	0	2
909	2
910	0	2
911	0
913	0	2
916	2
917	0	2
918	2
920	0	2
925	2
926	2
927	0	2
929	0
930	0
931	2
932	2
933	0
934	0	2
936	0	2
937	0
938	0	2
945	2
946	0	2
949	0
950	2
953	2
954	2
956	0	2
957	0	2
958	2
959	0	2
962	0	2
963	0	2
965	0
966	0	2
969	2
970	0	2
974	0	2
977	0	2
978	2
979	2
981	0
982	0
984	2
988	0	2
989	0	2
990	2
991	2
992	2
993	0	2
995	2
997	2
998	2
